-2.433999999999999966e-03 2.452747889534999892e+00
6.688000000000000368e-03 2.633600530389999861e+00
-3.850000000000000124e-03 2.883400558382500201e+00
-1.518999999999999951e-03 2.808643797939999853e+00
-1.031000000000000015e-03 2.496194736433329897e+00
7.268000000000000155e-03 2.317647794300830011e+00
-1.603999999999999957e-03 3.210439496352500033e+00
-7.069999999999999462e-04 2.626259204186669916e+00
2.066000000000000128e-03 3.110932790737499953e+00
-4.479999999999999933e-04 2.607826392740829835e+00
-3.762000000000000153e-03 2.678153099920829838e+00
-6.669999999999999497e-04 2.689221729744169842e+00
