-2.433999999999999966e-03 2.452747889534999892e+00
6.688000000000000368e-03 3.001973113065830034e+00
-3.850000000000000124e-03 2.672968507864169840e+00
-1.518999999999999951e-03 2.559527934735830179e+00
-1.031000000000000015e-03 2.883400558382500201e+00
7.268000000000000155e-03 2.649287264275829834e+00
-1.603999999999999957e-03 2.673386568951670039e+00
-7.069999999999999462e-04 2.743859287471670072e+00
2.066000000000000128e-03 2.974168984337500099e+00
-4.479999999999999933e-04 2.380319232107499960e+00
-3.762000000000000153e-03 2.559988916058329789e+00
-6.669999999999999497e-04 2.474262205700000106e+00
