-1.115000000000000106e-03 2.602471109636669944e+00
4.629999999999999784e-04 2.723271813252500007e+00
-9.269999999999999811e-04 2.550838951852500092e+00
-1.683999999999999950e-03 2.676682615904169893e+00
-1.317000000000000028e-03 2.867187828557499873e+00
1.275000000000000092e-03 2.459603289673330195e+00
2.860000000000000129e-04 2.377569161194169833e+00
-8.299999999999999815e-05 2.714715515164999982e+00
1.623000000000000094e-03 2.441216178473330167e+00
-8.140000000000000534e-04 2.919498786818329972e+00
-1.169999999999999979e-04 2.428809347847499911e+00
2.409000000000000117e-03 2.541218943610000114e+00
