2.939999999999999905e-04 3.015176532494169948e+00
-1.191000000000000001e-03 3.198459249767500179e+00
7.569999999999999689e-04 3.604012066843329976e+00
-1.368999999999999991e-03 3.184694893079170086e+00
3.995000000000000287e-03 3.179103135220830101e+00
1.066000000000000107e-03 2.920692407705829829e+00
-1.886000000000000090e-03 3.067902501211670074e+00
3.937999999999999660e-03 2.512724427256670001e+00
-1.167000000000000069e-03 3.482246535817500099e+00
-3.471999999999999826e-03 2.718454609123329924e+00
2.504999999999999848e-03 3.435653489584169940e+00
-3.468999999999999861e-03 3.069846176671669813e+00
