2.939999999999999905e-04 3.695849826027500118e+00
-1.191000000000000001e-03 3.432888597416670073e+00
7.569999999999999689e-04 3.036585112575830081e+00
-1.368999999999999991e-03 3.110932790737499953e+00
3.995000000000000287e-03 3.097709143024999889e+00
1.066000000000000107e-03 3.159909139493750185e+00
-1.886000000000000090e-03 4.329717412763329776e+00
3.937999999999999660e-03 3.448449969940829973e+00
-1.167000000000000069e-03 3.909846210603329819e+00
-3.471999999999999826e-03 3.291367351920829964e+00
2.504999999999999848e-03 3.645774654929999858e+00
-3.468999999999999861e-03 3.333589427757500001e+00
