2.939999999999999905e-04 3.585468473592499983e+00
-1.191000000000000001e-03 3.432888597416670073e+00
7.569999999999999689e-04 3.422678836278330028e+00
-1.368999999999999991e-03 3.895020552933329938e+00
3.995000000000000287e-03 3.097709143024999889e+00
1.066000000000000107e-03 2.920692407705829829e+00
-1.886000000000000090e-03 3.067902501211670074e+00
3.937999999999999660e-03 3.531499054073329980e+00
-1.167000000000000069e-03 3.482246535817500099e+00
-3.471999999999999826e-03 2.878675966484169901e+00
2.504999999999999848e-03 3.435653489584169940e+00
-3.468999999999999861e-03 3.210370848814580125e+00
