1.410000000000000012e-03 2.498834927969999953e+00
1.124999999999999915e-03 2.400690230925830004e+00
-3.151999999999999854e-03 2.466548709025830011e+00
7.927999999999999284e-03 2.475586401600000208e+00
-1.961000000000000069e-03 2.357709953982499940e+00
-1.022799999999999924e-02 2.528375025735829951e+00
1.340000000000000045e-04 2.781334037115830160e+00
2.308000000000000156e-03 2.242675021353329967e+00
2.759000000000000168e-03 2.555674054861249989e+00
1.183000000000000024e-03 2.661497839056670145e+00
-2.808000000000000166e-03 2.437406752048330016e+00
1.299999999999999940e-03 2.647921899189999984e+00
