1.410000000000000012e-03 2.498834927969999953e+00
1.124999999999999915e-03 2.400690230925830004e+00
-3.151999999999999854e-03 2.466548709025830011e+00
7.927999999999999284e-03 2.475586401600000208e+00
-1.961000000000000069e-03 2.243391379300000210e+00
-1.022799999999999924e-02 2.715740096894999844e+00
1.340000000000000045e-04 2.885840342499169875e+00
2.308000000000000156e-03 2.242675021353329967e+00
2.759000000000000168e-03 2.555674054861249989e+00
1.183000000000000024e-03 2.475586401600000208e+00
-2.808000000000000166e-03 2.437406752048330016e+00
1.299999999999999940e-03 2.583927597875829818e+00
