3.014000000000000186e-03 4.001390345366670154e+00
-6.260000000000000373e-04 2.885840342499169875e+00
-3.220000000000000206e-03 2.672968507864169840e+00
-2.139999999999999975e-04 3.383480405599999852e+00
-3.517999999999999860e-03 3.506392218752500067e+00
-6.560000000000000076e-04 3.159909139493750185e+00
1.487000000000000040e-03 3.646319843685000173e+00
-1.920000000000000049e-03 3.333589427757500001e+00
-3.338999999999999954e-03 3.482246535817500099e+00
6.131000000000000165e-03 3.477675110559169891e+00
-4.369999999999999970e-04 2.885840342499169875e+00
3.297000000000000017e-03 3.210370848814580125e+00
