3.014000000000000186e-03 4.171942512845830286e+00
-6.260000000000000373e-04 3.100652486853329837e+00
-3.220000000000000206e-03 3.036585112575830081e+00
-2.139999999999999975e-04 3.383480405599999852e+00
-3.517999999999999860e-03 3.380474998865000025e+00
-6.560000000000000076e-04 3.346187224156670137e+00
1.487000000000000040e-03 3.495623166204170129e+00
-1.920000000000000049e-03 3.649124527290830144e+00
-3.338999999999999954e-03 3.312606816262499976e+00
6.131000000000000165e-03 3.291367351920829964e+00
-4.369999999999999970e-04 3.531499054073329980e+00
3.297000000000000017e-03 3.333589427757500001e+00
