7.828999999999999154e-03 2.363214412046669821e+00
3.354999999999999909e-03 2.633600530389999861e+00
-9.000000000000000567e-05 2.514119374387500105e+00
1.699999999999999905e-03 2.808643797939999853e+00
3.792999999999999931e-03 3.327707826490000187e+00
1.106999999999999911e-03 2.649287264275829834e+00
-8.059999999999999673e-04 2.319846410246670043e+00
-5.604999999999999739e-03 2.297986266580830161e+00
1.240000000000000054e-04 2.768565300648750060e+00
-5.994000000000000196e-03 2.718454609123329924e+00
-4.419000000000000185e-03 2.983306510639169851e+00
-9.940000000000000918e-04 2.852859532537499909e+00
