7.828999999999999154e-03 2.654003626677500005e+00
3.354999999999999909e-03 2.633600530389999861e+00
-9.000000000000000567e-05 2.672968507864169840e+00
1.699999999999999905e-03 2.808643797939999853e+00
3.792999999999999931e-03 2.910003366371670008e+00
1.106999999999999911e-03 3.346187224156670137e+00
-8.059999999999999673e-04 2.463280187130830079e+00
-5.604999999999999739e-03 3.215854378122500190e+00
1.240000000000000054e-04 2.887873083694170173e+00
-5.994000000000000196e-03 2.878675966484169901e+00
-4.419000000000000185e-03 3.184694893079170086e+00
-9.940000000000000918e-04 2.887873083694170173e+00
