7.828999999999999154e-03 2.861578711234169958e+00
3.354999999999999909e-03 2.885840342499169875e+00
-9.000000000000000567e-05 2.672968507864169840e+00
1.699999999999999905e-03 2.952689113646670194e+00
3.792999999999999931e-03 3.097709143024999889e+00
1.106999999999999911e-03 2.649287264275829834e+00
-8.059999999999999673e-04 2.673386568951670039e+00
-5.604999999999999739e-03 2.429781636614170015e+00
1.240000000000000054e-04 2.631649450670829893e+00
-5.994000000000000196e-03 2.878675966484169901e+00
-4.419000000000000185e-03 2.885840342499169875e+00
-9.940000000000000918e-04 3.592552239576670026e+00
