-3.570000000000000040e-04 3.519077522450829942e+00
5.019999999999999506e-04 2.512724427256670001e+00
-3.269999999999999795e-04 2.615942333617499838e+00
2.631999999999999791e-03 2.898798900257499866e+00
-1.956999999999999972e-03 2.848232117060829793e+00
-2.354000000000000190e-03 3.159909139493750185e+00
-1.801000000000000083e-03 3.067902501211670074e+00
3.494999999999999843e-03 2.934541733082919990e+00
-2.945000000000000135e-03 2.704317027463329914e+00
-8.600000000000000331e-05 2.718454609123329924e+00
3.925999999999999802e-03 2.678153099920829838e+00
-7.269999999999999987e-04 2.848232117060829793e+00
