-3.570000000000000040e-04 2.697573116506669866e+00
5.019999999999999506e-04 2.692087293404170190e+00
-3.269999999999999795e-04 2.362728101793329927e+00
2.631999999999999791e-03 3.020744462050830137e+00
-1.956999999999999972e-03 2.910003366371670008e+00
-2.354000000000000190e-03 2.649287264275829834e+00
-1.801000000000000083e-03 3.067902501211670074e+00
3.494999999999999843e-03 3.091088901733329841e+00
-2.945000000000000135e-03 2.555674054861249989e+00
-8.600000000000000331e-05 2.445643564935000125e+00
3.925999999999999802e-03 2.678153099920829838e+00
-7.269999999999999987e-04 2.761840708034999814e+00
