-3.570000000000000040e-04 3.455872847469169784e+00
5.019999999999999506e-04 3.288397554711670168e+00
-3.269999999999999795e-04 3.346187224156670137e+00
2.631999999999999791e-03 3.063190989340829784e+00
-1.956999999999999972e-03 3.323327811357500217e+00
-2.354000000000000190e-03 2.317647794300830011e+00
-1.801000000000000083e-03 3.495623166204170129e+00
3.494999999999999843e-03 3.215854378122500190e+00
-2.945000000000000135e-03 2.768565300648750060e+00
-8.600000000000000331e-05 3.376394497626669988e+00
3.925999999999999802e-03 2.678153099920829838e+00
-7.269999999999999987e-04 3.592552239576670026e+00
