-3.570000000000000040e-04 2.340565961096670033e+00
5.019999999999999506e-04 2.512724427256670001e+00
-3.269999999999999795e-04 2.466548709025830011e+00
2.631999999999999791e-03 2.661497839056670145e+00
-1.956999999999999972e-03 2.426868885651670027e+00
-2.354000000000000190e-03 2.317647794300830011e+00
-1.801000000000000083e-03 2.673386568951670039e+00
3.494999999999999843e-03 2.475852877672500174e+00
-2.945000000000000135e-03 2.308312228881669981e+00
-8.600000000000000331e-05 2.607826392740829835e+00
3.925999999999999802e-03 2.603649359371670080e+00
-7.269999999999999987e-04 2.565269012828330197e+00
