3.648999999999999900e-03 3.093129878573329883e+00
-6.893999999999999954e-03 3.001973113065830034e+00
-7.167999999999999892e-03 3.036585112575830081e+00
8.300000000000000086e-03 2.952689113646670194e+00
-2.190000000000000106e-04 2.848232117060829793e+00
-2.915000000000000056e-03 3.159909139493750185e+00
9.995000000000000412e-03 2.885840342499169875e+00
-3.249000000000000152e-03 3.140546084757500189e+00
-3.167000000000000110e-03 3.110932790737499953e+00
2.954000000000000029e-03 3.091088901733329841e+00
-3.157000000000000084e-03 2.603649359371670080e+00
1.873000000000000099e-03 2.808643797939999853e+00
