3.648999999999999900e-03 2.452747889534999892e+00
-6.893999999999999954e-03 2.808643797939999853e+00
-7.167999999999999892e-03 2.825533876036669945e+00
8.300000000000000086e-03 2.346783439344170219e+00
-2.190000000000000106e-04 2.654577780701670164e+00
-2.915000000000000056e-03 2.743387412900830213e+00
9.995000000000000412e-03 2.423017778335830208e+00
-3.249000000000000152e-03 2.471506222453330182e+00
-3.167000000000000110e-03 2.429462958750829848e+00
2.954000000000000029e-03 2.337515132170420173e+00
-3.157000000000000084e-03 2.559988916058329789e+00
1.873000000000000099e-03 2.947307037793330142e+00
