2.364000000000000216e-03 3.321491868097500078e+00
1.210000000000000002e-04 2.633600530389999861e+00
6.543000000000000205e-03 3.812336454999170066e+00
7.125000000000000257e-03 3.644814572479170067e+00
-5.165000000000000320e-03 3.251443298889999944e+00
-7.420000000000000380e-04 3.159909139493750185e+00
-2.812999999999999962e-03 3.495623166204170129e+00
-2.763999999999999964e-03 4.171942512845830286e+00
-4.120000000000000398e-03 3.110932790737499953e+00
7.029999999999999791e-03 3.807950787064999787e+00
-5.427999999999999665e-03 3.531499054073329980e+00
-2.151000000000000134e-03 3.964814229963330217e+00
