4.355000000000000364e-03 2.452747889534999892e+00
4.475999999999999944e-03 2.704317027463329914e+00
3.714999999999999986e-03 2.466548709025830011e+00
-4.490000000000000067e-03 2.317647794300830011e+00
-3.704999999999999960e-03 2.649287264275829834e+00
6.539999999999999590e-04 2.589181852388330096e+00
-4.251999999999999703e-03 2.536010068907919912e+00
2.222000000000000017e-03 2.857424835184999790e+00
-6.130000000000000466e-04 2.811460543843330218e+00
-2.442999999999999859e-03 2.607826392740829835e+00
1.430000000000000064e-03 2.331366552131670211e+00
-1.348999999999999939e-03 2.232839864690829845e+00
