1.027499999999999941e-02 3.093129878573329883e+00
-7.250000000000000368e-03 3.630449961232499856e+00
-6.088999999999999795e-03 3.548217974318330192e+00
5.432000000000000196e-03 2.952689113646670194e+00
4.194999999999999944e-03 2.991204699891670149e+00
-1.080000000000000014e-03 2.874774386328330156e+00
6.544000000000000337e-03 2.961506094162499991e+00
8.689999999999999808e-04 3.215854378122500190e+00
-9.749000000000000721e-03 2.811460543843330218e+00
-3.946999999999999988e-03 3.291367351920829964e+00
-2.739000000000000115e-03 3.113367012274169898e+00
3.537999999999999912e-03 2.999914926195000220e+00
