5.340000000000000129e-03 3.321491868097500078e+00
-4.989999999999999861e-04 3.778970952814999951e+00
1.450000000000000009e-04 3.422678836278330028e+00
-9.478000000000000314e-03 2.952689113646670194e+00
-2.893999999999999871e-03 3.251443298889999944e+00
2.700999999999999842e-03 2.649287264275829834e+00
-1.948999999999999995e-03 3.646319843685000173e+00
-2.647000000000000047e-03 3.215854378122500190e+00
7.616000000000000374e-03 2.308312228881669981e+00
1.922000000000000097e-03 3.291367351920829964e+00
-3.658999999999999926e-03 3.064782091047499879e+00
3.400999999999999943e-03 2.887873083694170173e+00
