1.990000000000000015e-03 3.455872847469169784e+00
1.072999999999999952e-03 3.100652486853329837e+00
4.578999999999999737e-03 3.422678836278330028e+00
1.988000000000000184e-03 3.511233145875829909e+00
-9.985000000000000819e-03 4.052894267909169734e+00
-2.348999999999999960e-03 3.670384358495829780e+00
2.130000000000000003e-04 3.495623166204170129e+00
-2.503000000000000017e-03 2.626259204186669916e+00
-2.880000000000000073e-04 3.312606816262499976e+00
7.842000000000000012e-03 3.477675110559169891e+00
-3.147000000000000058e-03 3.531499054073329980e+00
5.860000000000000408e-04 3.333589427757500001e+00
