1.191399999999999924e-02 3.169671990200829903e+00
-3.612000000000000193e-03 4.087409504922500325e+00
-4.773000000000000333e-03 3.422678836278330028e+00
1.308999999999999921e-02 3.776588480504170064e+00
-8.189999999999999364e-03 3.807950787064999787e+00
-1.295199999999999997e-02 3.346187224156670137e+00
1.429500000000000041e-02 2.673386568951670039e+00
-1.012900000000000085e-02 3.333589427757500001e+00
-9.840000000000000656e-04 3.909846210603329819e+00
1.017700000000000028e-02 3.091088901733329841e+00
-3.302999999999999946e-03 3.802975839610000186e+00
-5.532999999999999724e-03 3.795196248818749840e+00
