-2.184000000000000177e-03 2.654003626677500005e+00
-2.186000000000000009e-03 3.554459934575830093e+00
-1.087999999999999991e-03 3.036585112575830081e+00
1.655000000000000004e-03 2.626830755832500142e+00
-3.390000000000000001e-04 2.711261192726670100e+00
-1.219999999999999947e-03 3.526920076280830152e+00
-2.213999999999999822e-03 2.463280187130830079e+00
2.320000000000000014e-03 3.215854378122500190e+00
2.625999999999999862e-03 2.308312228881669981e+00
-9.030000000000000483e-04 3.291367351920829964e+00
2.158000000000000196e-03 3.064782091047499879e+00
1.374000000000000004e-03 3.069846176671669813e+00
