1.206999999999999957e-03 3.844232197199170198e+00
-9.728999999999999801e-03 3.288397554711670168e+00
-5.500000000000000196e-05 3.173370239693329875e+00
3.063999999999999883e-03 3.895020552933329938e+00
2.709999999999999735e-04 2.910003366371670008e+00
-9.169999999999999549e-04 3.159909139493750185e+00
8.189999999999999581e-04 3.067902501211670074e+00
5.348999999999999588e-03 3.649124527290830144e+00
-1.891000000000000103e-03 3.630449961232499856e+00
-9.520000000000000467e-04 3.649124527290830144e+00
-5.839999999999999922e-04 3.645774654929999858e+00
3.418000000000000031e-03 3.333589427757500001e+00
