5.474999999999999832e-03 3.455872847469169784e+00
-1.956999999999999972e-03 2.885840342499169875e+00
-1.054000000000000032e-03 2.466548709025830011e+00
3.844999999999999894e-03 3.383480405599999852e+00
1.655000000000000004e-03 2.910003366371670008e+00
1.007000000000000083e-03 3.346187224156670137e+00
-1.463000000000000108e-03 3.495623166204170129e+00
-7.860000000000000233e-04 3.215854378122500190e+00
-5.138000000000000206e-03 2.631649450670829893e+00
-4.349999999999999700e-03 3.091088901733329841e+00
7.299999999999999632e-04 3.184694893079170086e+00
2.034999999999999917e-03 3.477675110559169891e+00
