2.844000000000000174e-03 2.654003626677500005e+00
-2.805000000000000202e-03 3.100652486853329837e+00
3.634000000000000077e-03 3.036585112575830081e+00
-9.299999999999999727e-05 2.952689113646670194e+00
-1.848000000000000033e-03 2.910003366371670008e+00
2.448000000000000089e-03 2.649287264275829834e+00
-2.105999999999999799e-03 3.067902501211670074e+00
3.722000000000000048e-03 2.934541733082919990e+00
1.069000000000000072e-03 2.631649450670829893e+00
-7.609999999999999577e-04 3.091088901733329841e+00
-3.163000000000000013e-03 2.885840342499169875e+00
-2.939000000000000206e-03 2.887873083694170173e+00
