-4.596000000000000259e-03 3.015176532494169948e+00
-3.412000000000000102e-03 2.311288980515000091e+00
-4.056999999999999842e-03 2.466548709025830011e+00
7.349999999999999763e-03 3.776588480504170064e+00
3.537000000000000213e-03 3.506392218752500067e+00
-1.253999999999999906e-03 2.920692407705829829e+00
-7.669999999999999735e-03 3.067902501211670074e+00
6.859999999999999779e-04 3.091088901733329841e+00
5.007000000000000166e-03 3.110932790737499953e+00
3.660000000000000059e-04 3.291367351920829964e+00
2.799999999999999958e-05 2.885840342499169875e+00
4.015000000000000339e-03 3.210370848814580125e+00
