-3.236999999999999860e-03 3.015176532494169948e+00
7.943000000000000407e-03 3.432888597416670073e+00
5.581000000000000023e-03 3.173370239693329875e+00
-5.320000000000000076e-03 3.110932790737499953e+00
1.314000000000000064e-03 3.097709143024999889e+00
-2.504000000000000149e-03 3.159909139493750185e+00
-4.145000000000000247e-03 3.067902501211670074e+00
4.294000000000000074e-03 2.429781636614170015e+00
-1.330999999999999935e-03 3.110932790737499953e+00
-3.109999999999999917e-03 3.091088901733329841e+00
4.802999999999999978e-03 2.678153099920829838e+00
-4.288000000000000145e-03 3.210370848814580125e+00
