-8.151999999999999524e-03 3.321491868097500078e+00
5.599999999999999509e-04 3.432888597416670073e+00
4.237999999999999580e-03 3.670384358495829780e+00
-6.799999999999999946e-05 3.383480405599999852e+00
-9.550000000000000112e-04 3.097709143024999889e+00
-5.520999999999999866e-03 4.041601257555829996e+00
2.439999999999999895e-03 3.791830801017499919e+00
8.630000000000000518e-04 3.726146698654170031e+00
1.842000000000000104e-03 3.312606816262499976e+00
1.423000000000000003e-03 3.091088901733329841e+00
-9.100000000000000287e-05 3.323327811357500217e+00
3.420999999999999996e-03 3.210370848814580125e+00
