-1.403500000000000060e-02 2.753895383479170178e+00
4.824000000000000163e-03 2.765161098790000160e+00
2.046000000000000076e-03 3.799470738018329907e+00
-3.870999999999999875e-03 2.626830755832500142e+00
5.812999999999999591e-03 3.016202241574169829e+00
4.649000000000000354e-03 3.617742732074999967e+00
-6.282000000000000257e-03 2.781334037115830160e+00
7.158000000000000300e-03 3.602570289478329801e+00
2.690999999999999816e-03 2.469620678989170148e+00
-3.739999999999999835e-03 4.009164337077920415e+00
2.658000000000000206e-03 3.964814229963330217e+00
-1.912000000000000071e-03 3.210370848814580125e+00
