5.424000000000000002e-03 7.860004022561669856e+00
-2.668999999999999932e-03 4.876819247654579748e+00
-1.248999999999999893e-03 5.469117268401669563e+00
7.269999999999999987e-04 8.024512120484169841e+00
-2.370000000000000145e-03 5.525926468271669556e+00
-6.631999999999999874e-03 5.572433329396670132e+00
4.759000000000000209e-03 7.440885962802499698e+00
-7.659999999999999708e-04 5.927220094686670215e+00
1.255000000000000039e-03 6.116807627899169653e+00
1.605000000000000090e-03 7.726399831528330431e+00
-5.090000000000000123e-04 5.343728569965829678e+00
4.260000000000000006e-04 6.042149155356669965e+00
