2.020000000000000094e-03 4.969099023120000069e+00
-5.976000000000000409e-03 6.182181852172499603e+00
3.694999999999999934e-03 5.835599946497500135e+00
-1.165999999999999936e-03 5.643731116472499920e+00
2.524999999999999901e-03 5.552666899994999739e+00
-2.789999999999999945e-03 6.204535535748330055e+00
-3.242000000000000090e-03 4.461395900134170311e+00
2.105999999999999799e-03 6.033325696056669685e+00
-1.833999999999999910e-03 5.919896731352079833e+00
-8.649999999999999920e-04 5.111494010061670146e+00
4.285999999999999879e-03 6.014443846652500092e+00
1.240000000000000000e-03 5.446956254275000298e+00
