2.020000000000000094e-03 4.001390345366670154e+00
-5.976000000000000409e-03 4.397270813716669835e+00
3.694999999999999934e-03 4.775169818463750104e+00
-1.165999999999999936e-03 4.238871912685829635e+00
2.524999999999999901e-03 4.350983571194169564e+00
-2.789999999999999945e-03 4.833012158949999915e+00
-3.242000000000000090e-03 4.231106808075000281e+00
2.105999999999999799e-03 4.684645544953330187e+00
-1.833999999999999910e-03 4.278090181324169627e+00
-8.649999999999999920e-04 3.911752505930830015e+00
4.285999999999999879e-03 4.520620061075000251e+00
1.240000000000000000e-03 4.614326814093329787e+00
