8.479000000000000425e-03 2.861578711234169958e+00
-8.002000000000000432e-03 2.885840342499169875e+00
-4.560999999999999950e-03 3.670384358495829780e+00
1.753000000000000001e-03 3.110932790737499953e+00
-4.263000000000000296e-03 3.380474998865000025e+00
-5.660000000000000100e-03 2.920692407705829829e+00
8.432999999999999524e-03 3.346187224156670137e+00
-3.103999999999999988e-03 3.091088901733329841e+00
-8.549999999999999658e-04 3.482246535817500099e+00
9.190000000000000252e-03 3.291367351920829964e+00
-6.368000000000000396e-03 2.232839864690829845e+00
4.958999999999999866e-03 3.795196248818749840e+00
