1.887000000000000005e-03 3.015176532494169948e+00
-2.008999999999999935e-03 2.885840342499169875e+00
8.087999999999999703e-03 3.036585112575830081e+00
-2.550000000000000183e-04 2.626830755832500142e+00
-1.266999999999999897e-03 3.097709143024999889e+00
4.628000000000000169e-03 2.649287264275829834e+00
1.828999999999999897e-03 3.067902501211670074e+00
-2.383000000000000135e-03 3.091088901733329841e+00
-9.110000000000000259e-04 2.887873083694170173e+00
-4.486999999999999669e-03 3.649124527290830144e+00
-3.216999999999999808e-03 2.475586401600000208e+00
-1.900999999999999912e-03 2.689221729744169842e+00
