1.887000000000000005e-03 3.455872847469169784e+00
-2.008999999999999935e-03 3.100652486853329837e+00
8.087999999999999703e-03 3.759098109651669795e+00
-2.550000000000000183e-04 3.776588480504170064e+00
-1.266999999999999897e-03 2.711261192726670100e+00
4.628000000000000169e-03 3.159909139493750185e+00
1.828999999999999897e-03 3.346187224156670137e+00
-2.383000000000000135e-03 3.215854378122500190e+00
-9.110000000000000259e-04 3.482246535817500099e+00
-4.486999999999999669e-03 3.649124527290830144e+00
-3.216999999999999808e-03 3.531499054073329980e+00
-1.900999999999999912e-03 3.210370848814580125e+00
