1.887000000000000005e-03 2.861578711234169958e+00
-2.008999999999999935e-03 3.198459249767500179e+00
8.087999999999999703e-03 3.422678836278330028e+00
-2.550000000000000183e-04 2.808643797939999853e+00
-1.266999999999999897e-03 2.711261192726670100e+00
4.628000000000000169e-03 2.649287264275829834e+00
1.828999999999999897e-03 2.781334037115830160e+00
-2.383000000000000135e-03 2.885840342499169875e+00
-9.110000000000000259e-04 2.768565300648750060e+00
-4.486999999999999669e-03 2.972576940943330026e+00
-3.216999999999999808e-03 3.382167333160829958e+00
-1.900999999999999912e-03 2.887873083694170173e+00
