2.488999999999999893e-03 3.169671990200829903e+00
4.734999999999999626e-03 4.820708149081250227e+00
-3.804999999999999789e-03 5.073652547245830036e+00
-7.066000000000000232e-03 3.776588480504170064e+00
2.069999999999999900e-04 4.997499924461250131e+00
-3.655999999999999962e-03 5.063357049388329756e+00
1.448000000000000068e-03 3.646319843685000173e+00
-1.720000000000000066e-04 4.862031028935000165e+00
1.392000000000000008e-03 5.379265805121669963e+00
-7.839999999999999747e-04 3.291367351920829964e+00
3.222000000000000038e-03 4.800010984516670298e+00
1.991000000000000148e-03 5.018589186752500098e+00
