1.869999999999999917e-04 3.585468473592499983e+00
4.840000000000000010e-04 2.311288980515000091e+00
-2.873000000000000120e-03 3.036585112575830081e+00
4.466000000000000351e-03 3.511233145875829909e+00
-5.511000000000000273e-03 2.910003366371670008e+00
8.959999999999999866e-04 2.649287264275829834e+00
7.680000000000000195e-04 3.495623166204170129e+00
-3.510000000000000099e-03 3.333589427757500001e+00
2.000000000000000164e-05 3.110932790737499953e+00
7.284999999999999809e-03 3.649124527290830144e+00
-1.577999999999999976e-03 2.885840342499169875e+00
-6.350000000000000392e-04 3.069846176671669813e+00
