-7.761999999999999802e-03 3.169671990200829903e+00
3.965999999999999907e-03 3.432888597416670073e+00
3.030000000000000141e-03 3.173370239693329875e+00
-7.983000000000000512e-03 3.257677341010829952e+00
1.003099999999999999e-02 2.496194736433329897e+00
-5.889000000000000137e-03 3.526920076280830152e+00
-1.172999999999999998e-03 3.067902501211670074e+00
5.699000000000000073e-03 3.215854378122500190e+00
-2.970000000000000092e-04 2.887873083694170173e+00
-4.447999999999999697e-03 3.807950787064999787e+00
5.310000000000000050e-04 3.184694893079170086e+00
4.296000000000000339e-03 3.210370848814580125e+00
