-7.761999999999999802e-03 2.654003626677500005e+00
3.965999999999999907e-03 3.001973113065830034e+00
3.030000000000000141e-03 2.589181852388330096e+00
-7.983000000000000512e-03 2.808643797939999853e+00
1.003099999999999999e-02 2.496194736433329897e+00
-5.889000000000000137e-03 2.649287264275829834e+00
-1.172999999999999998e-03 2.885840342499169875e+00
5.699000000000000073e-03 2.512724427256670001e+00
-2.970000000000000092e-04 3.013554336649169940e+00
-4.447999999999999697e-03 2.878675966484169901e+00
5.310000000000000050e-04 2.885840342499169875e+00
4.296000000000000339e-03 2.689221729744169842e+00
