3.782999999999999904e-03 3.321491868097500078e+00
9.840000000000000656e-04 3.100652486853329837e+00
1.088999999999999907e-03 3.422678836278330028e+00
-7.720000000000000083e-04 3.257677341010829952e+00
-3.138999999999999863e-03 3.097709143024999889e+00
5.199999999999999544e-04 3.346187224156670137e+00
3.256000000000000213e-03 3.646319843685000173e+00
9.690000000000000262e-04 3.649124527290830144e+00
2.017999999999999829e-03 2.887873083694170173e+00
-7.354000000000000294e-03 3.807950787064999787e+00
-4.100000000000000047e-05 3.323327811357500217e+00
-1.314000000000000064e-03 3.477675110559169891e+00
