3.782999999999999904e-03 2.654003626677500005e+00
9.840000000000000656e-04 2.885840342499169875e+00
1.088999999999999907e-03 2.883400558382500201e+00
-7.720000000000000083e-04 2.423017778335830208e+00
-3.138999999999999863e-03 3.251443298889999944e+00
5.199999999999999544e-04 2.317647794300830011e+00
3.256000000000000213e-03 2.885840342499169875e+00
9.690000000000000262e-04 2.232839864690829845e+00
2.017999999999999829e-03 2.631649450670829893e+00
-7.354000000000000294e-03 3.291367351920829964e+00
-4.100000000000000047e-05 3.064782091047499879e+00
-1.314000000000000064e-03 3.069846176671669813e+00
