1.536000000000000039e-03 2.568261339060830206e+00
-5.309999999999999616e-03 2.967084663710830128e+00
2.520999999999999804e-03 2.961506094162499991e+00
-8.899999999999999491e-04 2.667020842194169905e+00
-4.389999999999999914e-04 2.649287264275829834e+00
8.620000000000000275e-04 2.649287264275829834e+00
4.519999999999999712e-03 2.463280187130830079e+00
2.229000000000000078e-03 2.331366552131670211e+00
-8.418999999999999401e-03 2.631649450670829893e+00
1.985999999999999918e-03 2.654291037824170196e+00
-2.460000000000000164e-04 2.521293151842499913e+00
1.649999999999999991e-03 2.285905548272499921e+00
