1.536000000000000039e-03 3.585468473592499983e+00
-5.309999999999999616e-03 3.288397554711670168e+00
2.520999999999999804e-03 3.670384358495829780e+00
-8.899999999999999491e-04 2.952689113646670194e+00
-4.389999999999999914e-04 2.910003366371670008e+00
8.620000000000000275e-04 3.346187224156670137e+00
4.519999999999999712e-03 3.346187224156670137e+00
2.229000000000000078e-03 2.934541733082919990e+00
-8.418999999999999401e-03 3.482246535817500099e+00
1.985999999999999918e-03 2.607826392740829835e+00
-2.460000000000000164e-04 3.323327811357500217e+00
1.649999999999999991e-03 2.887873083694170173e+00
