1.536000000000000039e-03 2.452747889534999892e+00
-5.309999999999999616e-03 3.218496287728330074e+00
2.520999999999999804e-03 3.115562594936669871e+00
-8.899999999999999491e-04 2.577495666606250069e+00
-4.389999999999999914e-04 2.788383731072499927e+00
8.620000000000000275e-04 2.920692407705829829e+00
4.519999999999999712e-03 2.319846410246670043e+00
2.229000000000000078e-03 2.242675021353329967e+00
-8.418999999999999401e-03 2.631649450670829893e+00
1.985999999999999918e-03 2.654291037824170196e+00
-2.460000000000000164e-04 2.616816962354170162e+00
1.649999999999999991e-03 2.390826237524999787e+00
