1.441999999999999922e-03 2.568261339060830206e+00
-1.528999999999999977e-03 3.288397554711670168e+00
-5.614000000000000067e-03 2.883400558382500201e+00
-2.134000000000000046e-03 2.626830755832500142e+00
4.355999999999999629e-03 2.848232117060829793e+00
-2.968999999999999851e-03 3.069072470875830128e+00
3.412999999999999801e-03 2.961506094162499991e+00
2.719999999999999979e-04 2.797186331386670055e+00
7.579999999999999932e-04 3.110932790737499953e+00
-1.020000000000000073e-03 2.607826392740829835e+00
-2.730000000000000222e-04 2.232839864690829845e+00
3.298000000000000150e-03 2.689221729744169842e+00
