1.441999999999999922e-03 3.455872847469169784e+00
-1.528999999999999977e-03 3.432888597416670073e+00
-5.614000000000000067e-03 3.036585112575830081e+00
-2.134000000000000046e-03 2.952689113646670194e+00
4.355999999999999629e-03 3.506392218752500067e+00
-2.968999999999999851e-03 3.526920076280830152e+00
3.412999999999999801e-03 3.495623166204170129e+00
2.719999999999999979e-04 3.091088901733329841e+00
7.579999999999999932e-04 3.630449961232499856e+00
-1.020000000000000073e-03 3.477675110559169891e+00
-2.730000000000000222e-04 3.064782091047499879e+00
3.298000000000000150e-03 3.210370848814580125e+00
