-1.546000000000000065e-03 3.455872847469169784e+00
5.259999999999999919e-03 3.100652486853329837e+00
1.859999999999999945e-04 3.036585112575830081e+00
-7.280000000000000230e-04 3.257677341010829952e+00
3.282000000000000195e-03 3.617742732074999967e+00
-4.079000000000000160e-03 2.649287264275829834e+00
-2.458999999999999814e-03 2.673386568951670039e+00
5.930999999999999640e-03 2.797186331386670055e+00
-3.380000000000000192e-03 2.887873083694170173e+00
-5.499000000000000415e-03 3.291367351920829964e+00
3.879000000000000069e-03 3.184694893079170086e+00
-8.469999999999999881e-04 2.689221729744169842e+00
