-1.546000000000000065e-03 2.312266639981670036e+00
5.259999999999999919e-03 2.885840342499169875e+00
1.859999999999999945e-04 2.883400558382500201e+00
-7.280000000000000230e-04 2.507884720399169876e+00
3.282000000000000195e-03 2.910003366371670008e+00
-4.079000000000000160e-03 2.649287264275829834e+00
-2.458999999999999814e-03 2.319846410246670043e+00
5.930999999999999640e-03 2.693615501634170073e+00
-3.380000000000000192e-03 3.013554336649169940e+00
-5.499000000000000415e-03 2.607826392740829835e+00
3.879000000000000069e-03 2.788383731072499927e+00
-8.469999999999999881e-04 2.324573183525830089e+00
