8.270000000000000441e-04 3.015176532494169948e+00
-3.972999999999999969e-03 2.885840342499169875e+00
-2.335999999999999969e-03 2.883400558382500201e+00
9.462999999999999190e-03 2.885840342499169875e+00
-4.148999999999999910e-03 2.910003366371670008e+00
6.890000000000000508e-04 2.649287264275829834e+00
2.216000000000000088e-03 2.589181852388330096e+00
-1.160999999999999923e-03 3.140546084757500189e+00
-4.739000000000000157e-03 2.631649450670829893e+00
3.517999999999999860e-03 2.445643564935000125e+00
-1.396000000000000105e-03 3.382167333160829958e+00
1.039999999999999909e-03 3.210370848814580125e+00
