-4.389999999999999914e-04 3.455872847469169784e+00
-4.222000000000000058e-03 2.311288980515000091e+00
-2.518999999999999972e-03 3.513360760031670083e+00
7.640000000000000306e-04 2.808643797939999853e+00
-5.666000000000000029e-03 2.910003366371670008e+00
3.249000000000000152e-03 2.649287264275829834e+00
1.404000000000000083e-03 2.885840342499169875e+00
-1.730000000000000038e-04 3.215854378122500190e+00
6.420000000000000359e-03 3.312606816262499976e+00
-1.092000000000000089e-03 2.878675966484169901e+00
2.972999999999999948e-03 2.678153099920829838e+00
-6.989999999999999686e-04 3.069846176671669813e+00
