1.887000000000000005e-03 3.321491868097500078e+00
-2.008999999999999935e-03 4.422234277643330103e+00
8.087999999999999703e-03 4.775169818463750104e+00
-2.550000000000000183e-04 2.808643797939999853e+00
-1.266999999999999897e-03 4.480621656727500124e+00
4.628000000000000169e-03 4.404925203383750265e+00
1.828999999999999897e-03 3.067902501211670074e+00
-2.383000000000000135e-03 4.579342731023749558e+00
-9.110000000000000259e-04 4.561219400478329966e+00
-4.486999999999999669e-03 3.091088901733329841e+00
-3.216999999999999808e-03 4.821713690833330013e+00
-1.900999999999999912e-03 4.350983571194169564e+00
