1.887000000000000005e-03 3.015176532494169948e+00
-2.008999999999999935e-03 3.778970952814999951e+00
8.087999999999999703e-03 3.604012066843329976e+00
-2.550000000000000183e-04 3.895020552933329938e+00
-1.266999999999999897e-03 3.964814229963330217e+00
4.628000000000000169e-03 4.041601257555829996e+00
1.828999999999999897e-03 3.495623166204170129e+00
-2.383000000000000135e-03 4.350983571194169564e+00
-9.110000000000000259e-04 4.278090181324169627e+00
-4.486999999999999669e-03 3.291367351920829964e+00
-3.216999999999999808e-03 3.943616677120830083e+00
-1.900999999999999912e-03 3.679495149491669892e+00
