2.364000000000000216e-03 3.015176532494169948e+00
-5.174999999999999913e-03 3.288397554711670168e+00
-2.915000000000000056e-03 3.513360760031670083e+00
1.010699999999999966e-02 3.257677341010829952e+00
-9.516000000000000153e-03 3.380474998865000025e+00
1.525000000000000097e-03 2.920692407705829829e+00
9.931000000000000591e-03 2.885840342499169875e+00
-5.133000000000000410e-03 3.091088901733329841e+00
2.792999999999999910e-03 3.482246535817500099e+00
7.729999999999999892e-03 2.878675966484169901e+00
-2.652999999999999976e-03 3.531499054073329980e+00
-9.058000000000000079e-03 3.333589427757500001e+00
