5.249999999999999676e-04 2.312266639981670036e+00
-3.886000000000000131e-03 2.311288980515000091e+00
-4.911999999999999700e-03 2.232839864690829845e+00
3.827999999999999806e-03 2.423017778335830208e+00
-6.189999999999999756e-04 2.496194736433329897e+00
-3.370000000000000057e-04 2.480167664599170152e+00
5.959999999999999586e-04 2.589181852388330096e+00
2.072000000000000057e-03 2.693615501634170073e+00
2.000000000000000096e-04 2.768565300648750060e+00
-4.550000000000000008e-04 2.445643564935000125e+00
1.209000000000000005e-03 2.232839864690829845e+00
1.779999999999999898e-03 2.232839864690829845e+00
