1.620000000000000075e-04 5.276641782226249688e+00
-3.449999999999999942e-03 3.554459934575830093e+00
1.990000000000000015e-03 3.173370239693329875e+00
-4.447000000000000432e-03 3.895020552933329938e+00
-1.495000000000000018e-03 3.097709143024999889e+00
6.099999999999999737e-04 3.932697512993330147e+00
1.781999999999999947e-03 3.210439496352500033e+00
-1.642000000000000013e-03 3.448449969940829973e+00
7.744000000000000015e-03 3.776588480504170064e+00
-2.536000000000000060e-03 4.009164337077920415e+00
-1.763999999999999943e-03 3.184694893079170086e+00
3.046999999999999795e-03 3.477675110559169891e+00
