5.904999999999999659e-03 2.782491664247499941e+00
-8.595999999999999475e-03 2.955152423942500217e+00
-2.602999999999999845e-03 2.808643797939999853e+00
4.936000000000000283e-03 2.867187828557499873e+00
-5.749999999999999903e-04 2.496194736433329897e+00
-7.596000000000000321e-03 2.858273230285830024e+00
1.283000000000000069e-03 2.820009563544580100e+00
8.729999999999999696e-04 2.865909612323330080e+00
1.887999999999999921e-03 2.631649450670829893e+00
8.788999999999999937e-03 2.678153099920829838e+00
-9.959999999999999236e-04 2.764557671674999995e+00
-3.308000000000000176e-03 2.774105251354169965e+00
