2.524999999999999901e-03 3.321491868097500078e+00
-5.159000000000000391e-03 3.506392218752500067e+00
-8.642999999999999641e-03 3.604012066843329976e+00
1.101999999999999898e-03 3.585468473592499983e+00
1.804999999999999964e-03 3.179103135220830101e+00
-4.328000000000000250e-03 3.069072470875830128e+00
1.100699999999999942e-02 3.432888597416670073e+00
1.753000000000000001e-03 3.531499054073329980e+00
2.820000000000000241e-04 2.887873083694170173e+00
3.612999999999999892e-03 3.091088901733329841e+00
-2.760999999999999999e-03 3.184694893079170086e+00
-1.196000000000000014e-03 3.526920076280830152e+00
