2.524999999999999901e-03 3.695849826027500118e+00
-5.159000000000000391e-03 3.666104361145829937e+00
-8.642999999999999641e-03 3.513360760031670083e+00
1.101999999999999898e-03 3.383480405599999852e+00
1.804999999999999964e-03 3.617742732074999967e+00
-4.328000000000000250e-03 3.932697512993330147e+00
1.100699999999999942e-02 3.646319843685000173e+00
1.753000000000000001e-03 3.448449969940829973e+00
2.820000000000000241e-04 3.630449961232499856e+00
3.612999999999999892e-03 3.807950787064999787e+00
-2.760999999999999999e-03 3.323327811357500217e+00
-1.196000000000000014e-03 3.069846176671669813e+00
