2.524999999999999901e-03 3.015176532494169948e+00
-5.159000000000000391e-03 2.765161098790000160e+00
-8.642999999999999641e-03 3.310803478648329801e+00
1.101999999999999898e-03 3.063190989340829784e+00
1.804999999999999964e-03 2.626259204186669916e+00
-4.328000000000000250e-03 3.272719868867500104e+00
1.100699999999999942e-02 2.589181852388330096e+00
1.753000000000000001e-03 3.215854378122500190e+00
2.820000000000000241e-04 2.631649450670829893e+00
3.612999999999999892e-03 3.091088901733329841e+00
-2.760999999999999999e-03 2.475586401600000208e+00
-1.196000000000000014e-03 2.969677835105830166e+00
