2.524999999999999901e-03 2.753895383479170178e+00
-5.159000000000000391e-03 3.001973113065830034e+00
-8.642999999999999641e-03 3.173370239693329875e+00
1.101999999999999898e-03 3.383480405599999852e+00
1.804999999999999964e-03 3.016202241574169829e+00
-4.328000000000000250e-03 2.920692407705829829e+00
1.100699999999999942e-02 3.067902501211670074e+00
1.753000000000000001e-03 3.333589427757500001e+00
2.820000000000000241e-04 3.013554336649169940e+00
3.612999999999999892e-03 2.878675966484169901e+00
-2.760999999999999999e-03 2.885840342499169875e+00
-1.196000000000000014e-03 3.069846176671669813e+00
