5.581000000000000023e-03 3.585468473592499983e+00
2.498999999999999919e-03 2.885840342499169875e+00
-1.190000000000000085e-03 3.036585112575830081e+00
1.990000000000000015e-03 3.257677341010829952e+00
3.864999999999999946e-03 2.910003366371670008e+00
-2.262999999999999821e-03 2.649287264275829834e+00
-2.993000000000000001e-03 2.463280187130830079e+00
4.207999999999999935e-03 2.797186331386670055e+00
-4.466999999999999617e-03 3.110932790737499953e+00
-7.609000000000000312e-03 2.878675966484169901e+00
1.005000000000000034e-03 3.435653489584169940e+00
-6.260000000000000373e-04 2.689221729744169842e+00
