-6.470000000000000057e-04 2.654003626677500005e+00
-5.612999999999999934e-03 2.885840342499169875e+00
5.315000000000000280e-03 2.672968507864169840e+00
-5.912999999999999853e-03 2.808643797939999853e+00
1.962000000000000202e-03 2.711261192726670100e+00
2.949999999999999931e-03 3.159909139493750185e+00
2.640000000000000202e-04 3.067902501211670074e+00
2.880000000000000073e-04 3.333589427757500001e+00
-4.884999999999999586e-03 2.887873083694170173e+00
1.379999999999999933e-03 3.091088901733329841e+00
1.487999999999999956e-03 3.064782091047499879e+00
3.409999999999999837e-03 2.689221729744169842e+00
