-6.021999999999999575e-03 3.015176532494169948e+00
6.538999999999999674e-03 2.633600530389999861e+00
-9.560000000000000355e-04 3.173370239693329875e+00
-5.462999999999999974e-03 2.626830755832500142e+00
5.810000000000000277e-04 2.496194736433329897e+00
3.324999999999999831e-03 2.649287264275829834e+00
-1.029999999999999964e-04 2.463280187130830079e+00
2.109999999999999896e-03 2.934541733082919990e+00
1.920000000000000049e-03 2.887873083694170173e+00
-4.083999999999999957e-03 2.878675966484169901e+00
1.199999999999999895e-03 2.475586401600000208e+00
9.529999999999999626e-04 3.477675110559169891e+00
