4.413000000000000256e-03 2.861578711234169958e+00
-2.063000000000000164e-03 2.311288980515000091e+00
-3.700000000000000164e-03 3.036585112575830081e+00
-8.229999999999999469e-04 2.952689113646670194e+00
-1.294000000000000011e-03 3.097709143024999889e+00
1.348999999999999939e-03 3.526920076280830152e+00
7.489999999999999913e-04 2.885840342499169875e+00
-1.920000000000000049e-04 2.626259204186669916e+00
-3.072000000000000078e-03 2.308312228881669981e+00
3.752999999999999826e-03 3.291367351920829964e+00
2.086999999999999880e-03 3.064782091047499879e+00
-1.206000000000000041e-03 2.887873083694170173e+00
