4.413000000000000256e-03 2.452747889534999892e+00
-2.063000000000000164e-03 2.633600530389999861e+00
-3.700000000000000164e-03 2.883400558382500201e+00
-8.229999999999999469e-04 2.808643797939999853e+00
-1.294000000000000011e-03 2.496194736433329897e+00
1.348999999999999939e-03 2.649287264275829834e+00
7.489999999999999913e-04 3.067902501211670074e+00
-1.920000000000000049e-04 2.797186331386670055e+00
-3.072000000000000078e-03 3.110932790737499953e+00
3.752999999999999826e-03 3.091088901733329841e+00
2.086999999999999880e-03 2.678153099920829838e+00
-1.206000000000000041e-03 3.210370848814580125e+00
