3.648999999999999900e-03 2.787622253822500173e+00
-6.893999999999999954e-03 2.967084663710830128e+00
-7.167999999999999892e-03 2.819612428781669955e+00
8.300000000000000086e-03 2.257834894049170149e+00
-2.190000000000000106e-04 2.587968457665830169e+00
-2.915000000000000056e-03 2.561489734281670039e+00
9.995000000000000412e-03 2.934041270127500045e+00
-3.249000000000000152e-03 2.484607563414169995e+00
-3.167000000000000110e-03 2.429462958750829848e+00
2.954000000000000029e-03 3.013554336649169940e+00
-3.157000000000000084e-03 2.768957309906669995e+00
1.873000000000000099e-03 2.853938232757499804e+00
