3.648999999999999900e-03 2.491314450758329802e+00
-6.893999999999999954e-03 2.967084663710830128e+00
-7.167999999999999892e-03 2.610360414373329885e+00
8.300000000000000086e-03 2.309400225633329917e+00
-2.190000000000000106e-04 2.435581970369169902e+00
-2.915000000000000056e-03 2.774105251354169965e+00
9.995000000000000412e-03 2.497786067644169883e+00
-3.249000000000000152e-03 2.484607563414169995e+00
-3.167000000000000110e-03 2.429462958750829848e+00
2.954000000000000029e-03 2.337515132170420173e+00
-3.157000000000000084e-03 2.640019347234169977e+00
1.873000000000000099e-03 2.750330202189999795e+00
