3.461000000000000101e-03 2.481002455865830125e+00
-3.488000000000000215e-03 2.384975259560000005e+00
-1.708000000000000100e-03 2.499396536429169924e+00
-2.359999999999999902e-04 2.581653247629169812e+00
-3.373999999999999829e-03 2.435581970369169902e+00
-1.569000000000000082e-03 2.412108381078749808e+00
1.019999999999999992e-04 2.271399883256670194e+00
1.347000000000000107e-03 2.464601892888329981e+00
1.273999999999999959e-03 2.529297295644170163e+00
-2.255000000000000060e-03 2.352914665270000150e+00
2.831999999999999882e-03 2.368634131573749801e+00
3.612999999999999892e-03 2.285905548272499921e+00
