3.461000000000000101e-03 2.481002455865830125e+00
-3.488000000000000215e-03 2.384975259560000005e+00
-1.708000000000000100e-03 2.377425097835829781e+00
-2.359999999999999902e-04 2.596753730345419786e+00
-3.373999999999999829e-03 2.435581970369169902e+00
-1.569000000000000082e-03 2.520766419367499900e+00
1.019999999999999992e-04 2.387440708057499972e+00
1.347000000000000107e-03 2.554645979058329797e+00
1.273999999999999959e-03 2.694315590735830046e+00
-2.255000000000000060e-03 2.352914665270000150e+00
2.831999999999999882e-03 2.524950031694999986e+00
3.612999999999999892e-03 2.285905548272499921e+00
