4.560000000000000251e-04 3.585468473592499983e+00
1.162999999999999971e-03 2.633600530389999861e+00
1.595999999999999979e-03 2.883400558382500201e+00
4.009999999999999893e-04 3.110932790737499953e+00
1.968999999999999830e-03 3.617742732074999967e+00
-9.399999999999999448e-05 3.159909139493750185e+00
-8.270000000000000441e-04 2.885840342499169875e+00
-2.660000000000000038e-03 2.934541733082919990e+00
1.128000000000000096e-03 2.631649450670829893e+00
-9.990000000000001049e-04 3.291367351920829964e+00
-7.150000000000000322e-04 3.064782091047499879e+00
-1.417999999999999990e-03 3.210370848814580125e+00
