4.560000000000000251e-04 2.654003626677500005e+00
1.162999999999999971e-03 2.885840342499169875e+00
1.595999999999999979e-03 2.883400558382500201e+00
4.009999999999999893e-04 2.808643797939999853e+00
1.968999999999999830e-03 2.711261192726670100e+00
-9.399999999999999448e-05 2.920692407705829829e+00
-8.270000000000000441e-04 2.885840342499169875e+00
-2.660000000000000038e-03 3.215854378122500190e+00
1.128000000000000096e-03 2.887873083694170173e+00
-9.990000000000001049e-04 3.091088901733329841e+00
-7.150000000000000322e-04 3.323327811357500217e+00
-1.417999999999999990e-03 2.887873083694170173e+00
