1.660999999999999933e-03 3.246110927219170161e+00
7.489999999999999913e-04 3.347122621728749969e+00
-4.836000000000000021e-03 3.604012066843329976e+00
4.021000000000000268e-03 3.063190989340829784e+00
-2.622000000000000199e-03 3.179103135220830101e+00
-2.356000000000000021e-03 3.526920076280830152e+00
3.877999999999999937e-03 2.961506094162499991e+00
-3.937000000000000395e-03 3.215854378122500190e+00
-3.880999999999999901e-03 2.768565300648750060e+00
7.559999999999999880e-03 3.291367351920829964e+00
-1.928999999999999942e-03 3.435653489584169940e+00
1.691999999999999928e-03 2.689221729744169842e+00
