5.904999999999999659e-03 2.861578711234169958e+00
-8.595999999999999475e-03 3.198459249767500179e+00
-2.602999999999999845e-03 2.775401040593330038e+00
4.936000000000000283e-03 2.885840342499169875e+00
-5.749999999999999903e-04 2.910003366371670008e+00
-7.596000000000000321e-03 2.920692407705829829e+00
1.283000000000000069e-03 2.885840342499169875e+00
8.729999999999999696e-04 2.693615501634170073e+00
1.887999999999999921e-03 2.631649450670829893e+00
8.788999999999999937e-03 2.878675966484169901e+00
-9.959999999999999236e-04 2.788383731072499927e+00
-3.308000000000000176e-03 2.689221729744169842e+00
