-2.239999999999999804e-03 3.695849826027500118e+00
-3.222000000000000038e-03 3.432888597416670073e+00
3.239000000000000126e-03 3.036585112575830081e+00
1.567999999999999949e-03 3.511233145875829909e+00
2.599000000000000182e-03 2.496194736433329897e+00
-3.799999999999999992e-03 3.526920076280830152e+00
-1.688399999999999970e-02 2.673386568951670039e+00
1.819000000000000087e-03 2.934541733082919990e+00
5.401000000000000419e-03 3.630449961232499856e+00
1.884000000000000041e-03 2.878675966484169901e+00
4.048000000000000383e-03 2.885840342499169875e+00
5.586999999999999952e-03 3.333589427757500001e+00
