-1.069999999999999988e-04 2.232839864690829845e+00
1.783999999999999996e-03 2.765161098790000160e+00
7.998999999999999166e-03 2.589181852388330096e+00
-7.024999999999999994e-03 2.626830755832500142e+00
5.335999999999999598e-03 2.848232117060829793e+00
1.761999999999999894e-03 3.159909139493750185e+00
-1.613799999999999957e-02 2.961506094162499991e+00
6.308000000000000239e-03 2.693615501634170073e+00
1.572000000000000047e-03 3.110932790737499953e+00
-1.101300000000000022e-02 2.972576940943330026e+00
6.936000000000000325e-03 2.603649359371670080e+00
2.586999999999999890e-03 2.604552662213329928e+00
