-1.069999999999999988e-04 2.654003626677500005e+00
1.783999999999999996e-03 2.885840342499169875e+00
7.998999999999999166e-03 2.672968507864169840e+00
-7.024999999999999994e-03 3.110932790737499953e+00
5.335999999999999598e-03 3.251443298889999944e+00
1.761999999999999894e-03 2.317647794300830011e+00
-1.613799999999999957e-02 2.463280187130830079e+00
6.308000000000000239e-03 3.091088901733329841e+00
1.572000000000000047e-03 2.308312228881669981e+00
-1.101300000000000022e-02 2.878675966484169901e+00
6.936000000000000325e-03 3.064782091047499879e+00
2.586999999999999890e-03 2.689221729744169842e+00
