-1.069999999999999988e-04 2.912275816651670013e+00
1.783999999999999996e-03 3.347122621728749969e+00
7.998999999999999166e-03 3.036585112575830081e+00
-7.024999999999999994e-03 2.696385052234170132e+00
5.335999999999999598e-03 3.617742732074999967e+00
1.761999999999999894e-03 3.455872847469169784e+00
-1.613799999999999957e-02 2.885840342499169875e+00
6.308000000000000239e-03 2.934541733082919990e+00
1.572000000000000047e-03 3.215854378122500190e+00
-1.101300000000000022e-02 2.607826392740829835e+00
6.936000000000000325e-03 2.885840342499169875e+00
2.586999999999999890e-03 3.136782875271669990e+00
