-1.069999999999999988e-04 2.480127780384170144e+00
1.783999999999999996e-03 2.400690230925830004e+00
7.998999999999999166e-03 2.301459009267500022e+00
-7.024999999999999994e-03 2.451209815762500188e+00
5.335999999999999598e-03 2.296897548455830051e+00
1.761999999999999894e-03 2.462097975146670059e+00
-1.613799999999999957e-02 2.301459009267500022e+00
6.308000000000000239e-03 2.239575041310000181e+00
1.572000000000000047e-03 2.380654710124169959e+00
-1.101300000000000022e-02 2.690871113600000086e+00
6.936000000000000325e-03 2.379537270135000160e+00
2.586999999999999890e-03 2.385632635744169949e+00
