-1.069999999999999988e-04 3.015176532494169948e+00
1.783999999999999996e-03 2.633600530389999861e+00
7.998999999999999166e-03 2.883400558382500201e+00
-7.024999999999999994e-03 3.110932790737499953e+00
5.335999999999999598e-03 2.910003366371670008e+00
1.761999999999999894e-03 2.317647794300830011e+00
-1.613799999999999957e-02 3.210439496352500033e+00
6.308000000000000239e-03 2.797186331386670055e+00
1.572000000000000047e-03 2.631649450670829893e+00
-1.101300000000000022e-02 3.013554336649169940e+00
6.936000000000000325e-03 2.603649359371670080e+00
2.586999999999999890e-03 2.999914926195000220e+00
