-1.069999999999999988e-04 3.321491868097500078e+00
1.783999999999999996e-03 2.885840342499169875e+00
7.998999999999999166e-03 2.883400558382500201e+00
-7.024999999999999994e-03 3.511233145875829909e+00
5.335999999999999598e-03 3.097709143024999889e+00
1.761999999999999894e-03 3.670384358495829780e+00
-1.613799999999999957e-02 2.885840342499169875e+00
6.308000000000000239e-03 3.333589427757500001e+00
1.572000000000000047e-03 2.887873083694170173e+00
-1.101300000000000022e-02 3.477675110559169891e+00
6.936000000000000325e-03 2.885840342499169875e+00
2.586999999999999890e-03 3.333589427757500001e+00
