-1.069999999999999988e-04 2.568261339060830206e+00
1.783999999999999996e-03 2.311288980515000091e+00
7.998999999999999166e-03 2.466548709025830011e+00
-7.024999999999999994e-03 2.232839864690829845e+00
5.335999999999999598e-03 2.496194736433329897e+00
1.761999999999999894e-03 2.480167664599170152e+00
-1.613799999999999957e-02 2.673386568951670039e+00
6.308000000000000239e-03 2.232839864690829845e+00
1.572000000000000047e-03 2.308312228881669981e+00
-1.101300000000000022e-02 2.661497839056670145e+00
6.936000000000000325e-03 2.603649359371670080e+00
2.586999999999999890e-03 2.533613390202920090e+00
