-6.067999999999999609e-03 3.015176532494169948e+00
6.420000000000000359e-03 3.666104361145829937e+00
3.810000000000000019e-03 2.883400558382500201e+00
-8.333999999999999395e-03 2.808643797939999853e+00
5.500000000000000196e-05 3.380474998865000025e+00
2.628000000000000128e-03 3.346187224156670137e+00
-6.696999999999999828e-03 3.346187224156670137e+00
3.240999999999999957e-03 3.947143318049170180e+00
-7.799999999999999859e-05 3.312606816262499976e+00
3.703000000000000128e-03 2.289589200871669838e+00
-6.049999999999999606e-04 3.435653489584169940e+00
1.925999999999999978e-03 3.210370848814580125e+00
