-4.335999999999999577e-03 3.015176532494169948e+00
-3.983999999999999694e-03 3.100652486853329837e+00
4.916000000000000231e-03 3.310803478648329801e+00
1.740000000000000010e-04 2.808643797939999853e+00
-5.730000000000000501e-04 2.711261192726670100e+00
2.454000000000000018e-03 3.159909139493750185e+00
2.054999999999999969e-03 3.210439496352500033e+00
1.652000000000000040e-03 2.429781636614170015e+00
-2.224999999999999981e-03 3.110932790737499953e+00
-8.031999999999999210e-03 2.878675966484169901e+00
6.131000000000000165e-03 2.475586401600000208e+00
1.768000000000000040e-03 3.210370848814580125e+00
