-4.335999999999999577e-03 2.452747889534999892e+00
-3.983999999999999694e-03 3.554459934575830093e+00
4.916000000000000231e-03 3.880491689511670117e+00
1.740000000000000010e-04 2.808643797939999853e+00
-5.730000000000000501e-04 3.506392218752500067e+00
2.454000000000000018e-03 2.317647794300830011e+00
2.054999999999999969e-03 2.673386568951670039e+00
1.652000000000000040e-03 3.802975839610000186e+00
-2.224999999999999981e-03 2.887873083694170173e+00
-8.031999999999999210e-03 3.291367351920829964e+00
6.131000000000000165e-03 3.435653489584169940e+00
1.768000000000000040e-03 3.679495149491669892e+00
