-4.335999999999999577e-03 2.603649359371670080e+00
-3.983999999999999694e-03 2.430726634215830018e+00
4.916000000000000231e-03 2.276516191284169821e+00
1.740000000000000010e-04 2.251544060920830148e+00
-5.730000000000000501e-04 2.439146018250830217e+00
2.454000000000000018e-03 2.317647794300830011e+00
2.054999999999999969e-03 2.493352076074999868e+00
1.652000000000000040e-03 2.356150360470000038e+00
-2.224999999999999981e-03 2.488969554470830126e+00
-8.031999999999999210e-03 2.380319232107499960e+00
6.131000000000000165e-03 2.437406752048330016e+00
1.768000000000000040e-03 2.521293151842499913e+00
