3.804999999999999789e-03 2.697573116506669866e+00
5.026000000000000086e-03 2.633600530389999861e+00
-5.010999999999999829e-03 2.589181852388330096e+00
-1.041999999999999958e-03 2.673386568951670039e+00
-5.490000000000000088e-03 2.496194736433329897e+00
-3.298000000000000150e-03 2.761840708034999814e+00
1.148399999999999942e-02 2.820009563544580100e+00
-1.101999999999999898e-03 2.797186331386670055e+00
-3.616999999999999989e-03 2.974168984337500099e+00
4.145000000000000247e-03 2.607826392740829835e+00
-3.314999999999999804e-03 2.430169277362080216e+00
-1.585000000000000037e-03 2.774105251354169965e+00
