3.804999999999999789e-03 2.603649359371670080e+00
5.026000000000000086e-03 2.311288980515000091e+00
-5.010999999999999829e-03 2.466548709025830011e+00
-1.041999999999999958e-03 2.747251415815000097e+00
-5.490000000000000088e-03 2.711261192726670100e+00
-3.298000000000000150e-03 2.761840708034999814e+00
1.148399999999999942e-02 2.725757177794999819e+00
-1.101999999999999898e-03 2.797186331386670055e+00
-3.616999999999999989e-03 3.064782091047499879e+00
4.145000000000000247e-03 2.607826392740829835e+00
-3.314999999999999804e-03 2.301459009267500022e+00
-1.585000000000000037e-03 2.645093309750000010e+00
