-7.122999999999999991e-03 2.568261339060830206e+00
6.799000000000000356e-03 3.807950787064999787e+00
-3.972999999999999969e-03 3.604012066843329976e+00
-1.396000000000000105e-03 2.885840342499169875e+00
-3.932999999999999864e-03 3.323327811357500217e+00
6.152999999999999615e-03 4.095019198000829697e+00
2.187000000000000142e-03 2.673386568951670039e+00
-1.386000000000000079e-03 3.880491689511670117e+00
3.501999999999999905e-03 3.482246535817500099e+00
-5.890000000000000053e-04 2.445643564935000125e+00
3.860000000000000150e-03 3.676949640907499983e+00
-4.101999999999999744e-03 3.649124527290830144e+00
