-7.122999999999999991e-03 2.289589200871669838e+00
6.799000000000000356e-03 2.311288980515000091e+00
-3.972999999999999969e-03 2.812209359710000189e+00
-1.396000000000000105e-03 2.459877182859170119e+00
-3.932999999999999864e-03 2.606641160441669935e+00
6.152999999999999615e-03 2.549201570745830203e+00
2.187000000000000142e-03 2.346783439344170219e+00
-1.386000000000000079e-03 2.547721301190830179e+00
3.501999999999999905e-03 2.729267534872500178e+00
-5.890000000000000053e-04 2.340565961096670033e+00
3.860000000000000150e-03 2.540913314275830004e+00
-4.101999999999999744e-03 2.521293151842499913e+00
