-7.889999999999999444e-03 3.321491868097500078e+00
1.701999999999999954e-03 3.554459934575830093e+00
6.858999999999999646e-03 3.310803478648329801e+00
-5.654000000000000171e-03 3.895020552933329938e+00
-6.470000000000000057e-04 3.097709143024999889e+00
2.835999999999999979e-03 3.346187224156670137e+00
-8.416999999999999135e-03 3.210439496352500033e+00
3.359999999999999814e-04 2.797186331386670055e+00
4.193999999999999811e-03 3.630449961232499856e+00
-1.307000000000000002e-03 2.607826392740829835e+00
6.543000000000000205e-03 2.885840342499169875e+00
1.446000000000000020e-03 2.887873083694170173e+00
