-2.426000000000000205e-03 3.321491868097500078e+00
-1.219999999999999947e-03 3.432888597416670073e+00
2.808999999999999865e-03 3.513360760031670083e+00
-7.640000000000000306e-04 3.776588480504170064e+00
1.614999999999999899e-03 3.251443298889999944e+00
-4.939999999999999730e-04 3.346187224156670137e+00
4.101999999999999744e-03 3.791830801017499919e+00
-3.886999999999999830e-03 3.531499054073329980e+00
-1.482999999999999943e-03 3.312606816262499976e+00
3.521999999999999957e-03 3.477675110559169891e+00
-5.976999999999999674e-03 3.323327811357500217e+00
4.202000000000000006e-03 3.069846176671669813e+00
