1.360000000000000098e-03 3.169671990200829903e+00
-4.939999999999999947e-03 3.288397554711670168e+00
-3.527999999999999886e-03 3.173370239693329875e+00
5.604999999999999739e-03 2.808643797939999853e+00
-2.590000000000000071e-04 3.097709143024999889e+00
1.160999999999999923e-03 2.920692407705829829e+00
-1.420000000000000092e-04 2.885840342499169875e+00
3.036000000000000070e-03 3.215854378122500190e+00
-2.945000000000000135e-03 3.110932790737499953e+00
8.390000000000000105e-04 3.091088901733329841e+00
-8.009999999999999542e-04 2.885840342499169875e+00
6.130000000000000466e-04 3.333589427757500001e+00
