4.734999999999999626e-03 2.452747889534999892e+00
-1.679999999999999907e-04 2.885840342499169875e+00
-1.064999999999999974e-03 3.310803478648329801e+00
3.193000000000000092e-03 2.808643797939999853e+00
-2.994999999999999832e-03 2.711261192726670100e+00
1.252000000000000075e-03 2.649287264275829834e+00
7.820000000000000345e-04 2.673386568951670039e+00
-3.164999999999999845e-03 2.429781636614170015e+00
-1.701000000000000038e-03 2.631649450670829893e+00
-1.507000000000000093e-03 3.291367351920829964e+00
-1.003999999999999901e-03 2.678153099920829838e+00
1.642999999999999929e-03 2.887873083694170173e+00
