5.729999999999999850e-03 2.861578711234169958e+00
4.455999999999999892e-03 2.885840342499169875e+00
-4.440000000000000045e-04 2.775401040593330038e+00
-4.295000000000000207e-03 2.475586401600000208e+00
1.874000000000000015e-03 2.626259204186669916e+00
6.420000000000000359e-03 2.649287264275829834e+00
-1.171099999999999919e-02 2.746812194639169924e+00
-4.302000000000000268e-03 2.743859287471670072e+00
3.046000000000000096e-03 2.308312228881669981e+00
4.738000000000000024e-03 2.934857571999169856e+00
-2.514999999999999875e-03 2.885840342499169875e+00
-2.997999999999999797e-03 2.474262205700000106e+00
