5.729999999999999850e-03 2.861578711234169958e+00
4.455999999999999892e-03 2.633600530389999861e+00
-4.440000000000000045e-04 3.036585112575830081e+00
-4.295000000000000207e-03 2.626830755832500142e+00
1.874000000000000015e-03 2.243391379300000210e+00
6.420000000000000359e-03 2.317647794300830011e+00
-1.171099999999999919e-02 2.885840342499169875e+00
-4.302000000000000268e-03 2.797186331386670055e+00
3.046000000000000096e-03 2.631649450670829893e+00
4.738000000000000024e-03 3.091088901733329841e+00
-2.514999999999999875e-03 2.885840342499169875e+00
-2.997999999999999797e-03 3.069846176671669813e+00
