-5.290999999999999696e-03 2.892300137293330131e+00
2.043999999999999810e-03 3.046102442611669847e+00
-1.693000000000000060e-03 3.656115928291669981e+00
-1.969999999999999909e-04 3.323327811357500217e+00
-1.755999999999999965e-03 3.097709143024999889e+00
-3.409999999999999945e-04 2.761840708034999814e+00
4.251999999999999703e-03 3.556091914633329854e+00
-1.853999999999999962e-03 2.626259204186669916e+00
3.524999999999999922e-03 3.198459249767500179e+00
-1.262000000000000101e-03 2.788383731072499927e+00
1.796000000000000070e-03 3.531499054073329980e+00
7.770000000000000214e-04 3.069846176671669813e+00
