-3.722000000000000048e-03 3.093129878573329883e+00
8.210000000000000067e-04 3.630449961232499856e+00
-3.596999999999999937e-03 3.477675110559169891e+00
-9.100000000000000016e-04 3.511233145875829909e+00
-8.490000000000000368e-04 3.617742732074999967e+00
2.210000000000000050e-04 3.759098109651669795e+00
2.629999999999999959e-04 3.067902501211670074e+00
2.752000000000000106e-03 2.934541733082919990e+00
5.727999999999999585e-03 3.692919181488329983e+00
-8.310000000000000329e-04 3.477675110559169891e+00
3.983000000000000429e-03 3.435653489584169940e+00
-3.857999999999999884e-03 3.742853408379169800e+00
