-3.722000000000000048e-03 3.246110927219170161e+00
8.210000000000000067e-04 3.198459249767500179e+00
-3.596999999999999937e-03 3.100652486853329837e+00
-9.100000000000000016e-04 3.257677341010829952e+00
-8.490000000000000368e-04 3.097709143024999889e+00
2.210000000000000050e-04 3.069072470875830128e+00
2.629999999999999959e-04 3.067902501211670074e+00
2.752000000000000106e-03 3.091088901733329841e+00
5.727999999999999585e-03 3.215854378122500190e+00
-8.310000000000000329e-04 3.807950787064999787e+00
3.983000000000000429e-03 3.184694893079170086e+00
-3.857999999999999884e-03 3.417872168182499948e+00
