-9.259999999999999135e-03 3.106786369261670178e+00
8.734000000000000444e-03 2.512724427256670001e+00
6.416999999999999961e-03 2.808643797939999853e+00
-9.462999999999999190e-03 3.708787823510829806e+00
2.403000000000000188e-03 2.649287264275829834e+00
9.770000000000000039e-04 2.858273230285830024e+00
-6.367000000000000264e-03 3.210439496352500033e+00
1.183799999999999956e-02 3.164692365286669862e+00
-4.487999999999999802e-03 2.887873083694170173e+00
-5.909000000000000190e-03 2.878675966484169901e+00
4.799999999999999580e-03 2.920692407705829829e+00
3.170000000000000075e-04 3.210370848814580125e+00
