-9.259999999999999135e-03 2.232839864690829845e+00
8.734000000000000444e-03 2.474262205700000106e+00
6.416999999999999961e-03 2.466548709025830011e+00
-9.462999999999999190e-03 2.507884720399169876e+00
2.403000000000000188e-03 2.626259204186669916e+00
9.770000000000000039e-04 2.317647794300830011e+00
-6.367000000000000264e-03 2.673386568951670039e+00
1.183799999999999956e-02 2.512724427256670001e+00
-4.487999999999999802e-03 2.469620678989170148e+00
-5.909000000000000190e-03 2.607826392740829835e+00
4.799999999999999580e-03 2.475586401600000208e+00
3.170000000000000075e-04 2.474262205700000106e+00
