-9.259999999999999135e-03 2.898798900257499866e+00
8.734000000000000444e-03 2.955152423942500217e+00
6.416999999999999961e-03 2.808643797939999853e+00
-9.462999999999999190e-03 2.747251415815000097e+00
2.403000000000000188e-03 2.874774386328330156e+00
9.770000000000000039e-04 2.549201570745830203e+00
-6.367000000000000264e-03 2.589181852388330096e+00
1.183799999999999956e-02 3.057613053414999893e+00
-4.487999999999999802e-03 2.631649450670829893e+00
-5.909000000000000190e-03 2.972576940943330026e+00
4.799999999999999580e-03 2.920692407705829829e+00
3.170000000000000075e-04 3.069846176671669813e+00
