-9.259999999999999135e-03 2.948440661964999876e+00
8.734000000000000444e-03 2.692087293404170190e+00
6.416999999999999961e-03 2.615942333617499838e+00
-9.462999999999999190e-03 3.028416978842499940e+00
2.403000000000000188e-03 2.649287264275829834e+00
9.770000000000000039e-04 2.549201570745830203e+00
-6.367000000000000264e-03 2.781334037115830160e+00
1.183799999999999956e-02 3.006212938473329821e+00
-4.487999999999999802e-03 2.631649450670829893e+00
-5.909000000000000190e-03 2.718454609123329924e+00
4.799999999999999580e-03 2.626830755832500142e+00
3.170000000000000075e-04 3.069846176671669813e+00
