3.774000000000000011e-03 4.001390345366670154e+00
-5.093000000000000305e-03 2.885840342499169875e+00
-3.586999999999999911e-03 3.036585112575830081e+00
1.233899999999999927e-02 3.776588480504170064e+00
-1.366999999999999943e-03 2.711261192726670100e+00
1.495000000000000018e-03 2.920692407705829829e+00
4.466999999999999617e-03 3.210439496352500033e+00
-9.632999999999999202e-03 3.091088901733329841e+00
-4.917000000000000363e-03 3.312606816262499976e+00
1.043400000000000057e-02 3.291367351920829964e+00
-4.819000000000000367e-03 2.885840342499169875e+00
-3.093999999999999962e-03 3.477675110559169891e+00
