-3.599000000000000202e-03 2.654003626677500005e+00
1.415000000000000025e-03 2.311288980515000091e+00
1.066000000000000107e-03 2.320471667837499918e+00
2.067999999999999960e-03 2.287867576024170013e+00
-4.967000000000000061e-03 2.357709953982499940e+00
1.701999999999999954e-03 2.317647794300830011e+00
3.778000000000000108e-03 2.885840342499169875e+00
-5.176000000000000045e-03 2.626259204186669916e+00
-3.376000000000000095e-03 2.631649450670829893e+00
6.662999999999999652e-03 2.445643564935000125e+00
2.554999999999999979e-03 2.475586401600000208e+00
-2.128999999999999816e-03 2.324573183525830089e+00
