-3.599000000000000202e-03 2.805458122582499936e+00
1.415000000000000025e-03 2.725757177794999819e+00
1.066000000000000107e-03 2.754127456361669779e+00
2.067999999999999960e-03 2.898798900257499866e+00
-4.967000000000000061e-03 3.055514333468750010e+00
1.701999999999999954e-03 3.089406691767500046e+00
3.778000000000000108e-03 2.493352076074999868e+00
-5.176000000000000045e-03 3.023647238655000180e+00
-3.376000000000000095e-03 2.469620678989170148e+00
6.662999999999999652e-03 2.689221729744169842e+00
2.554999999999999979e-03 2.626830755832500142e+00
-2.128999999999999816e-03 3.115068589601670102e+00
