-3.599000000000000202e-03 3.076875769955830009e+00
1.415000000000000025e-03 3.334861427658330157e+00
1.066000000000000107e-03 2.709619024943330068e+00
2.067999999999999960e-03 2.423017778335830208e+00
-4.967000000000000061e-03 2.878014247515829904e+00
1.701999999999999954e-03 3.469813876199999925e+00
3.778000000000000108e-03 2.986731498590830203e+00
-5.176000000000000045e-03 3.377894597340830085e+00
-3.376000000000000095e-03 3.215854378122500190e+00
6.662999999999999652e-03 3.567943399544169836e+00
2.554999999999999979e-03 3.247816749922499913e+00
-2.128999999999999816e-03 3.120197699824169835e+00
