-3.599000000000000202e-03 2.654003626677500005e+00
1.415000000000000025e-03 2.885840342499169875e+00
1.066000000000000107e-03 2.883400558382500201e+00
2.067999999999999960e-03 2.952689113646670194e+00
-4.967000000000000061e-03 3.380474998865000025e+00
1.701999999999999954e-03 2.920692407705829829e+00
3.778000000000000108e-03 2.673386568951670039e+00
-5.176000000000000045e-03 2.934541733082919990e+00
-3.376000000000000095e-03 2.308312228881669981e+00
6.662999999999999652e-03 2.878675966484169901e+00
2.554999999999999979e-03 2.678153099920829838e+00
-2.128999999999999816e-03 2.689221729744169842e+00
