-3.599000000000000202e-03 2.511588017068330014e+00
1.415000000000000025e-03 2.512724427256670001e+00
1.066000000000000107e-03 2.615942333617499838e+00
2.067999999999999960e-03 2.475586401600000208e+00
-4.967000000000000061e-03 2.243391379300000210e+00
1.701999999999999954e-03 2.649287264275829834e+00
3.778000000000000108e-03 2.463280187130830079e+00
-5.176000000000000045e-03 2.251544060920830148e+00
-3.376000000000000095e-03 2.768565300648750060e+00
6.662999999999999652e-03 2.934857571999169856e+00
2.554999999999999979e-03 2.559988916058329789e+00
-2.128999999999999816e-03 2.645093309750000010e+00
