-2.969999999999999984e-03 2.452747889534999892e+00
2.807000000000000033e-03 3.432888597416670073e+00
-3.209000000000000047e-03 3.477675110559169891e+00
3.805999999999999921e-03 2.808643797939999853e+00
-1.438999999999999958e-03 3.179103135220830101e+00
-3.495999999999999976e-03 3.272719868867500104e+00
1.477000000000000014e-03 2.781334037115830160e+00
2.406000000000000152e-03 2.934541733082919990e+00
-7.759999999999999971e-04 2.469620678989170148e+00
2.428000000000000037e-03 2.718454609123329924e+00
3.896000000000000157e-03 2.788383731072499927e+00
-4.931999999999999752e-03 2.969677835105830166e+00
