-2.184000000000000177e-03 3.321491868097500078e+00
-2.186000000000000009e-03 5.056353744707499764e+00
-1.087999999999999991e-03 4.923227994490829929e+00
1.655000000000000004e-03 2.808643797939999853e+00
-3.390000000000000001e-04 5.055352764300420354e+00
-1.219999999999999947e-03 4.993989173417499927e+00
-2.213999999999999822e-03 3.210439496352500033e+00
2.320000000000000014e-03 4.917964598608329574e+00
2.625999999999999862e-03 5.338915451695830150e+00
-9.030000000000000483e-04 3.477675110559169891e+00
2.158000000000000196e-03 4.935162041284169909e+00
1.374000000000000004e-03 5.018589186752500098e+00
