6.890000000000000508e-04 3.015176532494169948e+00
-2.118999999999999790e-03 2.765161098790000160e+00
-3.054999999999999990e-03 2.968813010024169863e+00
4.827999999999999826e-03 3.317288635005830155e+00
-4.153999999999999707e-03 2.878014247515829904e+00
-3.380999999999999891e-03 3.089406691767500046e+00
8.019000000000000086e-03 3.005118376594170027e+00
-9.990000000000001049e-04 2.579932703469169919e+00
2.023000000000000059e-03 2.974168984337500099e+00
9.000000000000000228e-06 2.972576940943330026e+00
-3.092999999999999829e-03 2.430169277362080216e+00
1.232000000000000022e-03 3.305339713259169976e+00
