6.890000000000000508e-04 2.940510601260000190e+00
-2.118999999999999790e-03 2.765161098790000160e+00
-3.054999999999999990e-03 2.629654001907499872e+00
4.827999999999999826e-03 2.863548129692500055e+00
-4.153999999999999707e-03 2.977622542544999806e+00
-3.380999999999999891e-03 3.244326992354999994e+00
8.019000000000000086e-03 3.005118376594170027e+00
-9.990000000000001049e-04 2.579932703469169919e+00
2.023000000000000059e-03 2.887873083694170173e+00
9.000000000000000228e-06 2.788383731072499927e+00
-3.092999999999999829e-03 2.533588103396669844e+00
1.232000000000000022e-03 3.006212938473329821e+00
