-3.825999999999999974e-03 2.402696545890000035e+00
-7.389999999999999868e-03 2.697178390239169943e+00
5.556000000000000175e-03 2.501541074454169955e+00
-9.650000000000000374e-04 2.469334480261669906e+00
3.499999999999999693e-05 2.792574898266670047e+00
7.380000000000000275e-03 2.708802733905419924e+00
-1.036000000000000029e-03 2.340836796741669890e+00
4.115999999999999867e-03 2.481859861317500027e+00
2.736999999999999850e-03 2.531394259901670107e+00
-1.009799999999999934e-02 2.498628073776670178e+00
5.924999999999999711e-03 2.603649359371670080e+00
-2.432999999999999833e-03 2.296897548455830051e+00
