-3.825999999999999974e-03 3.455872847469169784e+00
-7.389999999999999868e-03 3.198459249767500179e+00
5.556000000000000175e-03 3.422678836278330028e+00
-9.650000000000000374e-04 3.979705103647499964e+00
3.499999999999999693e-05 2.626259204186669916e+00
7.380000000000000275e-03 3.159909139493750185e+00
-1.036000000000000029e-03 3.646319843685000173e+00
4.115999999999999867e-03 3.602570289478329801e+00
2.736999999999999850e-03 3.312606816262499976e+00
-1.009799999999999934e-02 4.135179699128330277e+00
5.924999999999999711e-03 3.064782091047499879e+00
-2.432999999999999833e-03 3.679495149491669892e+00
