-3.825999999999999974e-03 3.695849826027500118e+00
-7.389999999999999868e-03 3.666104361145829937e+00
5.556000000000000175e-03 3.670384358495829780e+00
-9.650000000000000374e-04 3.383480405599999852e+00
3.499999999999999693e-05 3.506392218752500067e+00
7.380000000000000275e-03 3.526920076280830152e+00
-1.036000000000000029e-03 3.495623166204170129e+00
4.115999999999999867e-03 3.649124527290830144e+00
2.736999999999999850e-03 3.909846210603329819e+00
-1.009799999999999934e-02 3.649124527290830144e+00
5.924999999999999711e-03 3.645774654929999858e+00
-2.432999999999999833e-03 3.679495149491669892e+00
