-3.825999999999999974e-03 2.327013228456670024e+00
-7.389999999999999868e-03 2.833800593516670130e+00
5.556000000000000175e-03 2.301459009267500022e+00
-9.650000000000000374e-04 2.479210684906670181e+00
3.499999999999999693e-05 2.324573183525830089e+00
7.380000000000000275e-03 2.708802733905419924e+00
-1.036000000000000029e-03 2.261782542057920065e+00
4.115999999999999867e-03 2.481859861317500027e+00
2.736999999999999850e-03 2.441216178473330167e+00
-1.009799999999999934e-02 2.518158500039170189e+00
5.924999999999999711e-03 2.331366552131670211e+00
-2.432999999999999833e-03 2.422987494941669873e+00
