-1.955999999999999839e-03 3.169671990200829903e+00
1.807999999999999928e-03 3.347122621728749969e+00
-4.347000000000000169e-03 3.910355013090000220e+00
4.364999999999999956e-03 3.323327811357500217e+00
-1.965999999999999866e-03 3.097709143024999889e+00
2.290000000000000098e-04 3.272719868867500104e+00
4.950000000000000407e-03 2.885840342499169875e+00
2.824000000000000121e-03 3.448449969940829973e+00
-5.500999999999999814e-03 3.215854378122500190e+00
5.125000000000000215e-03 3.188253416951670083e+00
-8.125999999999999543e-03 3.602570289478329801e+00
2.593999999999999952e-03 3.649124527290830144e+00
