4.220000000000000118e-04 3.695849826027500118e+00
-1.763999999999999943e-03 4.041601257555829996e+00
1.330000000000000019e-03 3.759098109651669795e+00
2.524999999999999901e-03 4.598627814842499717e+00
-1.639999999999999965e-03 4.301069969247500069e+00
-3.752999999999999826e-03 3.670384358495829780e+00
6.904999999999999680e-03 3.495623166204170129e+00
9.790000000000000525e-04 4.119306999969169603e+00
-1.679999999999999907e-04 3.630449961232499856e+00
-4.843000000000000083e-03 4.242891652345000431e+00
-2.291000000000000068e-03 4.100217209804170260e+00
2.298000000000000129e-03 3.679495149491669892e+00
