4.220000000000000118e-04 5.446956254275000298e+00
-1.763999999999999943e-03 3.778970952814999951e+00
1.330000000000000019e-03 3.310803478648329801e+00
2.524999999999999901e-03 3.895020552933329938e+00
-1.639999999999999965e-03 3.895020552933329938e+00
-3.752999999999999826e-03 3.346187224156670137e+00
6.904999999999999680e-03 3.346187224156670137e+00
9.790000000000000525e-04 3.726146698654170031e+00
-1.679999999999999907e-04 3.312606816262499976e+00
-4.843000000000000083e-03 3.091088901733329841e+00
-2.291000000000000068e-03 3.323327811357500217e+00
2.298000000000000129e-03 3.333589427757500001e+00
