6.727999999999999606e-03 3.093129878573329883e+00
-1.198999999999999979e-03 2.885840342499169875e+00
-3.552000000000000036e-03 2.589181852388330096e+00
1.712999999999999896e-03 2.885840342499169875e+00
-1.665000000000000030e-03 2.848232117060829793e+00
-6.290999999999999717e-03 3.159909139493750185e+00
1.021000000000000033e-02 2.589181852388330096e+00
-4.016999999999999738e-03 2.797186331386670055e+00
3.367999999999999900e-03 2.469620678989170148e+00
1.822999999999999968e-03 2.972576940943330026e+00
-6.270999999999999665e-03 2.475586401600000208e+00
-8.469999999999999881e-04 2.604552662213329928e+00
