1.027499999999999941e-02 3.015176532494169948e+00
-7.250000000000000368e-03 3.554459934575830093e+00
-6.088999999999999795e-03 3.471100147984170103e+00
5.432000000000000196e-03 3.184694893079170086e+00
4.194999999999999944e-03 3.155022974242499778e+00
-1.080000000000000014e-03 3.091088901733329841e+00
6.544000000000000337e-03 2.961506094162499991e+00
8.689999999999999808e-04 3.091088901733329841e+00
-9.749000000000000721e-03 2.811460543843330218e+00
-3.946999999999999988e-03 3.188253416951670083e+00
-2.739000000000000115e-03 2.788383731072499927e+00
3.537999999999999912e-03 3.117178811457499865e+00
