-1.239000000000000084e-03 3.321491868097500078e+00
6.669999999999999497e-04 2.885840342499169875e+00
6.920000000000000153e-04 2.883400558382500201e+00
-5.720000000000000258e-04 2.626830755832500142e+00
1.095999999999999969e-03 2.496194736433329897e+00
-3.095999999999999794e-03 2.920692407705829829e+00
1.550000000000000000e-04 2.673386568951670039e+00
-1.090000000000000040e-03 3.091088901733329841e+00
-4.710000000000000102e-04 3.110932790737499953e+00
1.776000000000000018e-03 2.878675966484169901e+00
9.110000000000000259e-04 3.064782091047499879e+00
1.170999999999999949e-03 3.069846176671669813e+00
