-1.239000000000000084e-03 3.321491868097500078e+00
6.669999999999999497e-04 3.100652486853329837e+00
6.920000000000000153e-04 2.883400558382500201e+00
-5.720000000000000258e-04 2.808643797939999853e+00
1.095999999999999969e-03 2.711261192726670100e+00
-3.095999999999999794e-03 2.649287264275829834e+00
1.550000000000000000e-04 2.673386568951670039e+00
-1.090000000000000040e-03 2.626259204186669916e+00
-4.710000000000000102e-04 2.631649450670829893e+00
1.776000000000000018e-03 3.091088901733329841e+00
9.110000000000000259e-04 2.885840342499169875e+00
1.170999999999999949e-03 2.474262205700000106e+00
