-2.063000000000000164e-03 2.452747889534999892e+00
1.000000000000000021e-03 2.633600530389999861e+00
-1.074000000000000085e-03 2.289640132391669969e+00
1.783999999999999996e-03 2.423017778335830208e+00
2.131000000000000082e-03 2.318019638991669851e+00
5.230000000000000274e-04 2.649287264275829834e+00
-4.903000000000000240e-03 2.362386496003329839e+00
8.310000000000000329e-04 2.475852877672500174e+00
-3.356000000000000042e-03 2.429462958750829848e+00
2.380000000000000171e-03 2.678153099920829838e+00
2.530999999999999830e-03 2.475586401600000208e+00
2.139999999999999975e-04 2.533613390202920090e+00
