-1.830000000000000029e-03 3.695849826027500118e+00
2.797000000000000007e-03 3.100652486853329837e+00
-2.841999999999999908e-03 3.513360760031670083e+00
2.939999999999999905e-03 3.383480405599999852e+00
-1.536000000000000039e-03 3.251443298889999944e+00
-9.709999999999999664e-04 3.159909139493750185e+00
1.822000000000000052e-03 3.210439496352500033e+00
1.830999999999999945e-03 2.934541733082919990e+00
3.625000000000000184e-03 2.887873083694170173e+00
5.680000000000000370e-04 3.477675110559169891e+00
-3.599999999999999901e-03 3.323327811357500217e+00
-2.804000000000000069e-03 3.880491689511670117e+00
