6.645999999999999998e-03 2.861578711234169958e+00
-5.799000000000000335e-03 3.432888597416670073e+00
-2.090999999999999977e-03 2.232839864690829845e+00
8.590999999999999678e-03 3.383480405599999852e+00
-1.740999999999999926e-03 2.496194736433329897e+00
-1.451999999999999949e-03 3.346187224156670137e+00
5.119000000000000286e-03 3.067902501211670074e+00
1.129000000000000012e-03 2.429781636614170015e+00
8.850000000000000444e-04 2.887873083694170173e+00
4.749999999999999990e-04 2.878675966484169901e+00
-1.150600000000000060e-02 2.475586401600000208e+00
-2.559999999999999884e-04 2.474262205700000106e+00
