1.544899999999999919e-02 2.452747889534999892e+00
-6.638999999999999936e-03 2.633600530389999861e+00
-1.469999999999999953e-03 2.672968507864169840e+00
4.701999999999999583e-03 2.808643797939999853e+00
1.339199999999999939e-02 3.097709143024999889e+00
-6.305999999999999973e-03 2.317647794300830011e+00
-4.606999999999999984e-03 2.463280187130830079e+00
-1.139199999999999935e-02 2.429781636614170015e+00
-3.445999999999999844e-03 3.110932790737499953e+00
9.488999999999999171e-03 2.878675966484169901e+00
-3.468000000000000162e-03 2.885840342499169875e+00
-5.702999999999999736e-03 2.689221729744169842e+00
