1.544899999999999919e-02 3.169671990200829903e+00
-6.638999999999999936e-03 2.885840342499169875e+00
-1.469999999999999953e-03 2.672968507864169840e+00
4.701999999999999583e-03 2.808643797939999853e+00
1.339199999999999939e-02 3.617742732074999967e+00
-6.305999999999999973e-03 2.920692407705829829e+00
-4.606999999999999984e-03 3.346187224156670137e+00
-1.139199999999999935e-02 3.333589427757500001e+00
-3.445999999999999844e-03 2.631649450670829893e+00
9.488999999999999171e-03 2.289589200871669838e+00
-3.468000000000000162e-03 3.323327811357500217e+00
-5.702999999999999736e-03 3.069846176671669813e+00
