2.380000000000000117e-04 3.015176532494169948e+00
-9.829999999999999329e-04 3.432888597416670073e+00
5.749999999999999903e-04 3.604012066843329976e+00
1.551000000000000078e-03 3.383480405599999852e+00
-8.989999999999999511e-04 3.251443298889999944e+00
9.929999999999999591e-04 3.670384358495829780e+00
-8.260000000000000198e-04 3.067902501211670074e+00
-1.814999999999999990e-03 3.333589427757500001e+00
1.041000000000000042e-03 3.776588480504170064e+00
1.476000000000000098e-03 3.649124527290830144e+00
-1.345999999999999974e-03 3.880491689511670117e+00
-5.000000000000000409e-06 3.210370848814580125e+00
