2.380000000000000117e-04 2.898798900257499866e+00
-9.829999999999999329e-04 2.885840342499169875e+00
5.749999999999999903e-04 2.910003366371670008e+00
1.551000000000000078e-03 2.626830755832500142e+00
-8.989999999999999511e-04 3.047021664560829901e+00
9.929999999999999591e-04 3.027786021754999890e+00
-8.260000000000000198e-04 2.835878956535830220e+00
-1.814999999999999990e-03 2.671281496234170216e+00
1.041000000000000042e-03 2.429462958750829848e+00
1.476000000000000098e-03 3.351437285694169876e+00
-1.345999999999999974e-03 2.826493615375829993e+00
-5.000000000000000409e-06 2.761840708034999814e+00
