2.380000000000000117e-04 3.077934737040000091e+00
-9.829999999999999329e-04 3.100652486853329837e+00
5.749999999999999903e-04 3.357299790541670159e+00
1.551000000000000078e-03 2.696385052234170132e+00
-8.989999999999999511e-04 3.047021664560829901e+00
9.929999999999999591e-04 3.292149090651669940e+00
-8.260000000000000198e-04 2.746812194639169924e+00
-1.814999999999999990e-03 3.057613053414999893e+00
1.041000000000000042e-03 3.064782091047499879e+00
1.476000000000000098e-03 3.171497593459999820e+00
-1.345999999999999974e-03 2.978133857925000072e+00
-5.000000000000000409e-06 2.363214412046669821e+00
