-1.649999999999999991e-03 3.093129878573329883e+00
-1.294999999999999927e-03 3.347122621728749969e+00
1.567999999999999949e-03 3.100652486853329837e+00
2.079999999999999818e-03 3.110932790737499953e+00
-1.536000000000000039e-03 3.179103135220830101e+00
-2.837000000000000112e-03 2.480167664599170152e+00
-4.477000000000000077e-03 3.301711489300000135e+00
6.980000000000000527e-04 3.091088901733329841e+00
2.080999999999999951e-03 2.469620678989170148e+00
3.866000000000000079e-03 2.289589200871669838e+00
7.730000000000000326e-04 2.788383731072499927e+00
7.290000000000000473e-04 3.136782875271669990e+00
