-7.934000000000000080e-03 2.861578711234169958e+00
7.629999999999999630e-03 3.100652486853329837e+00
3.020000000000000115e-03 3.310803478648329801e+00
-3.286999999999999991e-03 2.808643797939999853e+00
-3.853000000000000088e-03 3.380474998865000025e+00
1.670000000000000043e-03 2.920692407705829829e+00
7.429999999999999539e-04 3.067902501211670074e+00
-7.455999999999999954e-03 3.215854378122500190e+00
8.160999999999999852e-03 3.312606816262499976e+00
7.309999999999999875e-04 3.649124527290830144e+00
3.069000000000000113e-03 3.435653489584169940e+00
-2.494000000000000123e-03 2.689221729744169842e+00
