-2.720999999999999894e-03 3.015176532494169948e+00
-1.645999999999999894e-03 3.495623166204170129e+00
-1.183999999999999940e-03 3.257677341010829952e+00
-3.759999999999999887e-03 2.673386568951670039e+00
2.968000000000000152e-03 2.874774386328330156e+00
2.500000000000000052e-04 3.085624397627499960e+00
-1.431999999999999896e-03 3.308972690060830057e+00
6.199999999999999782e-03 3.048830441496670041e+00
2.570000000000000127e-04 3.110932790737499953e+00
-1.614999999999999899e-03 2.878675966484169901e+00
1.297999999999999892e-03 3.499342676164169941e+00
1.384000000000000031e-03 3.125260492918330080e+00
