3.804999999999999789e-03 4.001390345366670154e+00
5.026000000000000086e-03 2.885840342499169875e+00
-5.010999999999999829e-03 2.466548709025830011e+00
-1.041999999999999958e-03 3.644814572479170067e+00
-5.490000000000000088e-03 3.506392218752500067e+00
-3.298000000000000150e-03 3.159909139493750185e+00
1.148399999999999942e-02 2.885840342499169875e+00
-1.101999999999999898e-03 4.009627536264999570e+00
-3.616999999999999989e-03 3.482246535817500099e+00
4.145000000000000247e-03 3.091088901733329841e+00
-3.314999999999999804e-03 3.323327811357500217e+00
-1.585000000000000037e-03 3.592552239576670026e+00
