3.804999999999999789e-03 2.861578711234169958e+00
5.026000000000000086e-03 3.372396725674169815e+00
-5.010999999999999829e-03 3.226828308546669799e+00
-1.041999999999999958e-03 3.198459249767500179e+00
-5.490000000000000088e-03 2.663617178879170044e+00
-3.298000000000000150e-03 3.159909139493750185e+00
1.148399999999999942e-02 2.746812194639169924e+00
-1.101999999999999898e-03 3.161525229510830037e+00
-3.616999999999999989e-03 2.887873083694170173e+00
4.145000000000000247e-03 3.570656955673749966e+00
-3.314999999999999804e-03 3.244326992354999994e+00
-1.585000000000000037e-03 3.117178811457499865e+00
