3.804999999999999789e-03 2.704317027463329914e+00
5.026000000000000086e-03 3.506392218752500067e+00
-5.010999999999999829e-03 3.036585112575830081e+00
-1.041999999999999958e-03 2.885840342499169875e+00
-5.490000000000000088e-03 2.910003366371670008e+00
-3.298000000000000150e-03 2.874774386328330156e+00
1.148399999999999942e-02 2.673386568951670039e+00
-1.101999999999999898e-03 3.136782875271669990e+00
-3.616999999999999989e-03 3.630449961232499856e+00
4.145000000000000247e-03 2.445643564935000125e+00
-3.314999999999999804e-03 3.323327811357500217e+00
-1.585000000000000037e-03 3.288397554711670168e+00
