-8.260000000000000198e-04 2.861578711234169958e+00
2.941000000000000038e-03 3.288397554711670168e+00
-1.054000000000000032e-03 3.670384358495829780e+00
2.530000000000000131e-03 2.696385052234170132e+00
-3.106999999999999953e-03 3.323327811357500217e+00
-4.122999999999999929e-03 3.069072470875830128e+00
8.935999999999999499e-03 3.301711489300000135e+00
-1.717999999999999909e-03 3.388593771710000091e+00
-1.709999999999999932e-03 2.631649450670829893e+00
3.380999999999999891e-03 3.188253416951670083e+00
-6.780000000000000002e-04 3.323327811357500217e+00
-4.572999999999999808e-03 2.969677835105830166e+00
