8.599999999999999789e-04 3.015176532494169948e+00
-2.396000000000000126e-03 3.347122621728749969e+00
3.377999999999999926e-03 3.422678836278330028e+00
1.136999999999999990e-03 3.257677341010829952e+00
-4.009000000000000410e-03 2.910003366371670008e+00
-1.513999999999999938e-03 3.806315235661669849e+00
5.877000000000000279e-03 4.575835962285830227e+00
-5.363999999999999845e-03 2.797186331386670055e+00
-2.562000000000000041e-03 3.482246535817500099e+00
5.300000000000000078e-05 3.291367351920829964e+00
8.916000000000000314e-03 3.531499054073329980e+00
-4.376999999999999814e-03 2.887873083694170173e+00
