8.599999999999999789e-04 3.015176532494169948e+00
-2.396000000000000126e-03 3.001973113065830034e+00
3.377999999999999926e-03 2.933572266770830161e+00
1.136999999999999990e-03 3.063190989340829784e+00
-4.009000000000000410e-03 2.848232117060829793e+00
-1.513999999999999938e-03 2.920692407705829829e+00
5.877000000000000279e-03 3.301711489300000135e+00
-5.363999999999999845e-03 3.140546084757500189e+00
-2.562000000000000041e-03 3.215854378122500190e+00
5.300000000000000078e-05 3.741499157515829843e+00
8.916000000000000314e-03 3.382167333160829958e+00
-4.376999999999999814e-03 3.210370848814580125e+00
