2.759999999999999867e-04 2.600722406201669834e+00
6.583999999999999575e-03 2.542129123595000095e+00
-4.041000000000000321e-03 2.508423063531670216e+00
-1.490999999999999921e-03 2.874774386328330156e+00
-8.599999999999999789e-04 2.605151127429170099e+00
4.830000000000000092e-03 2.715740096894999844e+00
2.843000000000000041e-03 2.629654001907499872e+00
-2.768000000000000061e-03 2.747907240405000007e+00
1.474999999999999966e-03 2.469620678989170148e+00
-3.259999999999999877e-03 2.782765976578330136e+00
-9.909999999999999105e-04 2.771066575876670157e+00
-2.595999999999999783e-03 2.774105251354169965e+00
