5.990000000000000316e-04 2.654003626677500005e+00
7.499999999999999343e-05 3.929082435899999837e+00
-3.579999999999999849e-03 4.052894267909169734e+00
9.799999999999999684e-04 2.808643797939999853e+00
-4.949999999999999973e-04 4.052894267909169734e+00
2.536000000000000060e-03 3.806315235661669849e+00
-1.552999999999999910e-03 3.346187224156670137e+00
4.459999999999999989e-04 4.009627536264999570e+00
2.781000000000000052e-03 4.171942512845830286e+00
5.758000000000000097e-03 3.291367351920829964e+00
-3.680999999999999810e-03 3.943616677120830083e+00
-3.864999999999999946e-03 3.592552239576670026e+00
