1.698000000000000074e-03 3.321491868097500078e+00
4.606999999999999984e-03 3.288397554711670168e+00
2.000000000000000042e-03 2.672968507864169840e+00
-2.409000000000000117e-03 2.808643797939999853e+00
7.497000000000000192e-03 3.251443298889999944e+00
-5.858000000000000360e-03 3.526920076280830152e+00
1.645999999999999894e-03 3.210439496352500033e+00
-4.284999999999999747e-03 3.333589427757500001e+00
1.670999999999999959e-03 3.312606816262499976e+00
-4.447000000000000432e-03 3.291367351920829964e+00
-9.100000000000000287e-05 2.475586401600000208e+00
-2.030000000000000120e-03 3.333589427757500001e+00
