5.119999999999999768e-04 3.321491868097500078e+00
-9.990000000000001049e-04 4.267634454454579895e+00
-2.429999999999999977e-04 4.238871912685829635e+00
4.170000000000000095e-03 3.383480405599999852e+00
-1.134000000000000025e-03 4.174606631870830142e+00
-4.805000000000000243e-03 4.684379731632500210e+00
4.425000000000000114e-03 3.210439496352500033e+00
-6.809999999999999647e-04 4.171942512845830286e+00
-2.649999999999999903e-04 4.052894267909169734e+00
5.349999999999999938e-04 3.807950787064999787e+00
5.879999999999999810e-04 4.426810615105829960e+00
-2.102999999999999835e-03 3.880491689511670117e+00
