-5.311999999999999882e-03 2.912275816651670013e+00
2.066999999999999827e-03 2.633600530389999861e+00
6.663999999999999785e-03 2.883400558382500201e+00
-5.066000000000000190e-03 2.952689113646670194e+00
-4.190000000000000148e-03 2.626259204186669916e+00
3.982000000000000296e-03 2.920692407705829829e+00
-4.962000000000000265e-03 2.781334037115830160e+00
1.485999999999999908e-03 2.797186331386670055e+00
1.696999999999999941e-03 3.013554336649169940e+00
-1.000000000000000082e-05 3.091088901733329841e+00
2.756999999999999902e-03 3.064782091047499879e+00
8.859999999999999603e-04 3.136782875271669990e+00
