2.361999999999999950e-03 3.015176532494169948e+00
-6.700000000000000226e-04 2.633600530389999861e+00
1.851999999999999914e-03 2.672968507864169840e+00
1.423999999999999919e-03 2.423017778335830208e+00
1.150999999999999896e-03 3.251443298889999944e+00
1.569999999999999944e-04 2.649287264275829834e+00
-5.749999999999999903e-04 2.463280187130830079e+00
-1.694999999999999892e-03 2.626259204186669916e+00
-1.608000000000000054e-03 2.631649450670829893e+00
-1.662999999999999982e-03 2.607826392740829835e+00
-3.170000000000000075e-04 3.064782091047499879e+00
-4.200000000000000174e-04 2.232839864690829845e+00
