4.600000000000000004e-05 3.015176532494169948e+00
2.420000000000000005e-04 2.633600530389999861e+00
1.667000000000000079e-03 3.173370239693329875e+00
-1.435999999999999993e-03 3.257677341010829952e+00
-6.238999999999999754e-03 2.711261192726670100e+00
2.168999999999999921e-03 3.526920076280830152e+00
-1.103999999999999947e-03 2.232839864690829845e+00
-1.832999999999999994e-03 3.091088901733329841e+00
-4.827999999999999826e-03 3.110932790737499953e+00
2.413999999999999913e-03 3.649124527290830144e+00
7.503000000000000121e-03 3.323327811357500217e+00
1.397999999999999937e-03 3.333589427757500001e+00
