4.600000000000000004e-05 3.169671990200829903e+00
2.420000000000000005e-04 3.853854074026669796e+00
1.667000000000000079e-03 3.880491689511670117e+00
-1.435999999999999993e-03 2.952689113646670194e+00
-6.238999999999999754e-03 3.097709143024999889e+00
2.168999999999999921e-03 3.526920076280830152e+00
-1.103999999999999947e-03 2.463280187130830079e+00
-1.832999999999999994e-03 3.947143318049170180e+00
-4.827999999999999826e-03 3.482246535817500099e+00
2.413999999999999913e-03 3.291367351920829964e+00
7.503000000000000121e-03 3.323327811357500217e+00
1.397999999999999937e-03 3.477675110559169891e+00
