4.600000000000000004e-05 3.695849826027500118e+00
2.420000000000000005e-04 5.391697311575829765e+00
1.667000000000000079e-03 5.440237672376250444e+00
-1.435999999999999993e-03 4.052894267909169734e+00
-6.238999999999999754e-03 5.291537557441250428e+00
2.168999999999999921e-03 5.145205615242500308e+00
-1.103999999999999947e-03 3.495623166204170129e+00
-1.832999999999999994e-03 5.098198815514169979e+00
-4.827999999999999826e-03 4.963329029885829691e+00
2.413999999999999913e-03 3.291367351920829964e+00
7.503000000000000121e-03 5.154379216523749641e+00
1.397999999999999937e-03 5.055352764300420354e+00
