4.600000000000000004e-05 3.321491868097500078e+00
2.420000000000000005e-04 3.100652486853329837e+00
1.667000000000000079e-03 3.036585112575830081e+00
-1.435999999999999993e-03 3.383480405599999852e+00
-6.238999999999999754e-03 2.910003366371670008e+00
2.168999999999999921e-03 3.159909139493750185e+00
-1.103999999999999947e-03 3.210439496352500033e+00
-1.832999999999999994e-03 2.934541733082919990e+00
-4.827999999999999826e-03 3.482246535817500099e+00
2.413999999999999913e-03 3.091088901733329841e+00
7.503000000000000121e-03 3.435653489584169940e+00
1.397999999999999937e-03 2.887873083694170173e+00
