4.650000000000000270e-04 2.912275816651670013e+00
8.339999999999999974e-04 3.100652486853329837e+00
9.600000000000000243e-05 2.672968507864169840e+00
-1.386000000000000079e-03 2.626830755832500142e+00
-4.420000000000000101e-04 2.711261192726670100e+00
1.600000000000000131e-04 2.920692407705829829e+00
-1.515000000000000071e-03 2.589181852388330096e+00
-2.550000000000000183e-04 2.429781636614170015e+00
-2.700000000000000035e-04 2.308312228881669981e+00
1.286999999999999950e-03 2.972576940943330026e+00
6.999999999999999387e-05 2.603649359371670080e+00
9.579999999999999757e-04 2.604552662213329928e+00
