4.650000000000000270e-04 2.654003626677500005e+00
8.339999999999999974e-04 2.885840342499169875e+00
9.600000000000000243e-05 3.173370239693329875e+00
-1.386000000000000079e-03 3.383480405599999852e+00
-4.420000000000000101e-04 2.910003366371670008e+00
1.600000000000000131e-04 3.159909139493750185e+00
-1.515000000000000071e-03 2.885840342499169875e+00
-2.550000000000000183e-04 2.797186331386670055e+00
-2.700000000000000035e-04 3.482246535817500099e+00
1.286999999999999950e-03 3.291367351920829964e+00
6.999999999999999387e-05 3.184694893079170086e+00
9.579999999999999757e-04 3.069846176671669813e+00
