4.650000000000000270e-04 2.861578711234169958e+00
8.339999999999999974e-04 2.474262205700000106e+00
9.600000000000000243e-05 2.589181852388330096e+00
-1.386000000000000079e-03 3.063190989340829784e+00
-4.420000000000000101e-04 2.496194736433329897e+00
1.600000000000000131e-04 2.480167664599170152e+00
-1.515000000000000071e-03 2.673386568951670039e+00
-2.550000000000000183e-04 2.797186331386670055e+00
-2.700000000000000035e-04 2.469620678989170148e+00
1.286999999999999950e-03 2.445643564935000125e+00
6.999999999999999387e-05 2.475586401600000208e+00
9.579999999999999757e-04 2.808643797939999853e+00
