-4.425000000000000114e-03 2.654003626677500005e+00
3.739999999999999835e-03 2.885840342499169875e+00
9.979999999999999722e-04 3.310803478648329801e+00
-6.758000000000000118e-03 3.511233145875829909e+00
4.040000000000000188e-03 3.251443298889999944e+00
4.462999999999999953e-03 2.649287264275829834e+00
-3.761000000000000020e-03 2.885840342499169875e+00
-1.121000000000000035e-03 2.797186331386670055e+00
2.936999999999999941e-03 3.312606816262499976e+00
-3.921000000000000006e-03 3.091088901733329841e+00
4.433000000000000308e-03 2.475586401600000208e+00
-6.260000000000000373e-04 2.689221729744169842e+00
