-4.425000000000000114e-03 3.321491868097500078e+00
3.739999999999999835e-03 2.885840342499169875e+00
9.979999999999999722e-04 2.672968507864169840e+00
-6.758000000000000118e-03 2.626830755832500142e+00
4.040000000000000188e-03 2.910003366371670008e+00
4.462999999999999953e-03 2.920692407705829829e+00
-3.761000000000000020e-03 3.346187224156670137e+00
-1.121000000000000035e-03 3.531499054073329980e+00
2.936999999999999941e-03 3.482246535817500099e+00
-3.921000000000000006e-03 3.091088901733329841e+00
4.433000000000000308e-03 3.323327811357500217e+00
-6.260000000000000373e-04 3.069846176671669813e+00
