-4.425000000000000114e-03 3.321491868097500078e+00
3.739999999999999835e-03 3.001973113065830034e+00
9.979999999999999722e-04 2.775401040593330038e+00
-6.758000000000000118e-03 2.423017778335830208e+00
4.040000000000000188e-03 2.711261192726670100e+00
4.462999999999999953e-03 2.808643797939999853e+00
-3.761000000000000020e-03 3.067902501211670074e+00
-1.121000000000000035e-03 3.140546084757500189e+00
2.936999999999999941e-03 2.631649450670829893e+00
-3.921000000000000006e-03 3.188253416951670083e+00
4.433000000000000308e-03 2.678153099920829838e+00
-6.260000000000000373e-04 3.136782875271669990e+00
