-1.515599999999999933e-02 3.169671990200829903e+00
6.841999999999999992e-03 3.288397554711670168e+00
4.962000000000000265e-03 2.672968507864169840e+00
7.326000000000000047e-03 3.383480405599999852e+00
-2.969999999999999984e-03 3.097709143024999889e+00
1.204999999999999908e-03 2.920692407705829829e+00
6.144000000000000156e-03 3.495623166204170129e+00
3.163000000000000013e-03 2.429781636614170015e+00
-6.602000000000000229e-03 2.887873083694170173e+00
-5.420000000000000338e-03 2.607826392740829835e+00
4.119999999999999856e-04 2.885840342499169875e+00
9.500000000000000523e-05 2.474262205700000106e+00
