3.963000000000000377e-03 3.169671990200829903e+00
-1.111999999999999924e-03 2.885840342499169875e+00
-6.191999999999999588e-03 3.173370239693329875e+00
1.451000000000000033e-03 3.511233145875829909e+00
-5.562000000000000104e-03 2.496194736433329897e+00
-3.229999999999999798e-03 2.920692407705829829e+00
-5.223000000000000212e-03 2.885840342499169875e+00
2.190000000000000106e-03 2.626259204186669916e+00
7.853000000000000605e-03 2.887873083694170173e+00
6.904999999999999680e-03 3.091088901733329841e+00
4.070000000000000267e-04 2.885840342499169875e+00
-1.449999999999999900e-03 3.333589427757500001e+00
