3.963000000000000377e-03 3.015176532494169948e+00
-1.111999999999999924e-03 2.311288980515000091e+00
-6.191999999999999588e-03 2.883400558382500201e+00
1.451000000000000033e-03 2.808643797939999853e+00
-5.562000000000000104e-03 2.711261192726670100e+00
-3.229999999999999798e-03 2.317647794300830011e+00
-5.223000000000000212e-03 2.885840342499169875e+00
2.190000000000000106e-03 2.797186331386670055e+00
7.853000000000000605e-03 2.308312228881669981e+00
6.904999999999999680e-03 2.289589200871669838e+00
4.070000000000000267e-04 2.885840342499169875e+00
-1.449999999999999900e-03 2.474262205700000106e+00
