3.014000000000000186e-03 2.654003626677500005e+00
-6.260000000000000373e-04 2.885840342499169875e+00
-3.220000000000000206e-03 3.310803478648329801e+00
-2.139999999999999975e-04 2.626830755832500142e+00
-3.517999999999999860e-03 3.380474998865000025e+00
-6.560000000000000076e-04 2.920692407705829829e+00
1.487000000000000040e-03 2.463280187130830079e+00
-1.920000000000000049e-03 3.726146698654170031e+00
-3.338999999999999954e-03 2.631649450670829893e+00
6.131000000000000165e-03 3.477675110559169891e+00
-4.369999999999999970e-04 3.184694893079170086e+00
3.297000000000000017e-03 3.069846176671669813e+00
