9.124000000000000166e-03 2.861578711234169958e+00
-8.108000000000000623e-03 3.347122621728749969e+00
5.231000000000000406e-03 3.240785446584169893e+00
-8.589999999999999546e-04 3.323327811357500217e+00
-9.431999999999999412e-03 3.016202241574169829e+00
-8.429999999999999993e-04 3.346187224156670137e+00
5.458000000000000178e-03 3.432888597416670073e+00
-5.749999999999999903e-04 3.140546084757500189e+00
-5.212999999999999752e-03 3.312606816262499976e+00
1.910000000000000077e-04 2.878675966484169901e+00
1.033999999999999980e-03 3.064782091047499879e+00
3.991999999999999889e-03 3.333589427757500001e+00
