4.635000000000000231e-03 3.321491868097500078e+00
1.386999999999999995e-03 2.633600530389999861e+00
-3.310000000000000008e-03 3.173370239693329875e+00
5.237000000000000335e-03 3.257677341010829952e+00
1.832000000000000078e-03 2.711261192726670100e+00
-3.995000000000000287e-03 3.159909139493750185e+00
-2.073000000000000190e-03 3.646319843685000173e+00
-3.435000000000000119e-03 3.531499054073329980e+00
-2.423999999999999939e-03 3.312606816262499976e+00
-2.899000000000000101e-03 2.878675966484169901e+00
3.252000000000000116e-03 2.678153099920829838e+00
1.794999999999999938e-03 3.069846176671669813e+00
