4.635000000000000231e-03 3.695849826027500118e+00
1.386999999999999995e-03 3.432888597416670073e+00
-3.310000000000000008e-03 3.173370239693329875e+00
5.237000000000000335e-03 3.511233145875829909e+00
1.832000000000000078e-03 3.380474998865000025e+00
-3.995000000000000287e-03 3.670384358495829780e+00
-2.073000000000000190e-03 2.673386568951670039e+00
-3.435000000000000119e-03 3.091088901733329841e+00
-2.423999999999999939e-03 2.887873083694170173e+00
-2.899000000000000101e-03 3.477675110559169891e+00
3.252000000000000116e-03 3.802975839610000186e+00
1.794999999999999938e-03 2.232839864690829845e+00
