4.635000000000000231e-03 3.169671990200829903e+00
1.386999999999999995e-03 3.288397554711670168e+00
-3.310000000000000008e-03 3.173370239693329875e+00
5.237000000000000335e-03 2.952689113646670194e+00
1.832000000000000078e-03 2.711261192726670100e+00
-3.995000000000000287e-03 2.920692407705829829e+00
-2.073000000000000190e-03 2.885840342499169875e+00
-3.435000000000000119e-03 2.626259204186669916e+00
-2.423999999999999939e-03 2.887873083694170173e+00
-2.899000000000000101e-03 2.878675966484169901e+00
3.252000000000000116e-03 2.475586401600000208e+00
1.794999999999999938e-03 3.069846176671669813e+00
