-1.162700000000000018e-02 3.015176532494169948e+00
6.130000000000000032e-03 2.311288980515000091e+00
-1.364999999999999894e-03 2.883400558382500201e+00
-1.660000000000000017e-03 3.257677341010829952e+00
-1.469999999999999953e-03 2.496194736433329897e+00
-7.466999999999999679e-03 2.649287264275829834e+00
7.595000000000000188e-03 3.346187224156670137e+00
-5.570000000000000298e-03 3.091088901733329841e+00
1.778999999999999982e-03 2.631649450670829893e+00
4.296000000000000339e-03 2.878675966484169901e+00
8.318000000000000740e-03 3.064782091047499879e+00
1.041000000000000042e-03 2.689221729744169842e+00
