3.425000000000000093e-03 3.455872847469169784e+00
-3.399999999999999973e-05 3.554459934575830093e+00
-1.977000000000000025e-03 3.422678836278330028e+00
1.672000000000000092e-03 3.257677341010829952e+00
5.810000000000000277e-04 3.251443298889999944e+00
2.174000000000000151e-03 3.806315235661669849e+00
2.829999999999999942e-04 4.329717412763329776e+00
-2.060000000000000199e-03 3.531499054073329980e+00
-3.570999999999999956e-03 2.631649450670829893e+00
-4.330000000000000081e-04 2.878675966484169901e+00
-1.075000000000000001e-03 3.721864029499169835e+00
1.013999999999999927e-03 3.592552239576670026e+00
