5.990000000000000316e-04 3.321491868097500078e+00
7.499999999999999343e-05 2.885840342499169875e+00
-3.579999999999999849e-03 3.310803478648329801e+00
9.799999999999999684e-04 2.423017778335830208e+00
-4.949999999999999973e-04 3.251443298889999944e+00
2.536000000000000060e-03 3.346187224156670137e+00
-1.552999999999999910e-03 2.673386568951670039e+00
4.459999999999999989e-04 2.797186331386670055e+00
2.781000000000000052e-03 2.631649450670829893e+00
5.758000000000000097e-03 2.878675966484169901e+00
-3.680999999999999810e-03 2.885840342499169875e+00
-3.864999999999999946e-03 3.069846176671669813e+00
