-1.939700000000000105e-02 4.001390345366670154e+00
1.258199999999999943e-02 4.594165705737499827e+00
8.635999999999999580e-03 4.424686851581670410e+00
-1.145299999999999964e-02 4.238871912685829635e+00
3.884999999999999998e-03 4.350983571194169564e+00
6.918999999999999803e-03 4.962623225348750111e+00
-1.221299999999999990e-02 4.819193596238330102e+00
5.087000000000000376e-03 4.269109283369999730e+00
7.151000000000000238e-03 4.771582749665830292e+00
-1.884600000000000164e-02 3.807950787064999787e+00
1.159499999999999940e-02 4.800010984516670298e+00
6.053000000000000221e-03 4.469250204415829764e+00
