-1.939700000000000105e-02 3.321491868097500078e+00
1.258199999999999943e-02 3.347122621728749969e+00
8.635999999999999580e-03 3.346187224156670137e+00
-1.145299999999999964e-02 3.511233145875829909e+00
3.884999999999999998e-03 4.052894267909169734e+00
6.918999999999999803e-03 3.526920076280830152e+00
-1.221299999999999990e-02 3.210439496352500033e+00
5.087000000000000376e-03 3.602570289478329801e+00
7.151000000000000238e-03 3.482246535817500099e+00
-1.884600000000000164e-02 4.242891652345000431e+00
1.159499999999999940e-02 3.491849078750000057e+00
6.053000000000000221e-03 3.417872168182499948e+00
