-1.939700000000000105e-02 3.585468473592499983e+00
1.258199999999999943e-02 2.885840342499169875e+00
8.635999999999999580e-03 3.240785446584169893e+00
-1.145299999999999964e-02 2.808643797939999853e+00
3.884999999999999998e-03 3.380474998865000025e+00
6.918999999999999803e-03 2.649287264275829834e+00
-1.221299999999999990e-02 3.432888597416670073e+00
5.087000000000000376e-03 3.602570289478329801e+00
7.151000000000000238e-03 3.842471315285830080e+00
-1.884600000000000164e-02 3.376394497626669988e+00
1.159499999999999940e-02 3.113367012274169898e+00
6.053000000000000221e-03 3.069846176671669813e+00
