-1.402999999999999950e-03 2.534946520686669924e+00
-5.292999999999999962e-03 2.449220647493330016e+00
-1.910999999999999938e-03 2.672968507864169840e+00
5.461999999999999841e-03 3.022841108804999788e+00
1.025000000000000086e-03 3.321491868097500078e+00
2.001000000000000174e-03 2.572588807304999836e+00
-2.448999999999999788e-03 3.005557395265829879e+00
1.031000000000000015e-03 3.023647238655000180e+00
-5.619999999999999996e-04 2.445643564935000125e+00
2.403000000000000188e-03 2.718454609123329924e+00
-1.606999999999999922e-03 2.834149499011669793e+00
1.304000000000000038e-03 3.424686059657500170e+00
