-8.935000000000000234e-03 2.898798900257499866e+00
-1.366000000000000027e-03 3.366600399103329977e+00
3.935000000000000130e-03 3.226828308546669799e+00
-3.821000000000000178e-03 2.952689113646670194e+00
2.827000000000000086e-03 2.874774386328330156e+00
6.882000000000000096e-03 2.858273230285830024e+00
-1.569299999999999862e-02 4.461395900134170311e+00
4.768999999999999802e-03 2.797186331386670055e+00
8.257000000000000450e-03 3.052105581597500006e+00
-5.657999999999999835e-03 2.607826392740829835e+00
3.884999999999999998e-03 2.826493615375829993e+00
4.917999999999999629e-03 3.303539293095830054e+00
