-7.066000000000000232e-03 2.654003626677500005e+00
7.126999999999999655e-03 3.100652486853329837e+00
-2.454000000000000018e-03 2.933572266770830161e+00
-7.905000000000000568e-03 2.952689113646670194e+00
5.929000000000000242e-03 3.179103135220830101e+00
3.857000000000000185e-03 2.808643797939999853e+00
-2.405000000000000020e-03 2.781334037115830160e+00
-3.869999999999999742e-04 3.023647238655000180e+00
6.212999999999999773e-03 3.110932790737499953e+00
-5.700000000000000205e-03 3.091088901733329841e+00
3.782999999999999904e-03 3.064782091047499879e+00
-9.929999999999999591e-04 3.679495149491669892e+00
