-7.846999999999999809e-03 2.232839864690829845e+00
-3.829999999999999854e-04 3.339124219192919796e+00
5.355000000000000385e-03 2.883400558382500201e+00
-5.216000000000000150e-03 2.874774386328330156e+00
2.508999999999999946e-03 2.910003366371670008e+00
3.347999999999999848e-03 3.526920076280830152e+00
-1.786999999999999960e-03 2.463280187130830079e+00
1.918999999999999916e-03 2.726517886825829962e+00
1.669999999999999935e-04 2.887873083694170173e+00
-3.603999999999999999e-03 3.291367351920829964e+00
1.343000000000000010e-03 2.475586401600000208e+00
4.194999999999999944e-03 2.774105251354169965e+00
