-7.846999999999999809e-03 2.654003626677500005e+00
-3.829999999999999854e-04 2.633600530389999861e+00
5.355000000000000385e-03 2.672968507864169840e+00
-5.216000000000000150e-03 2.626830755832500142e+00
2.508999999999999946e-03 2.910003366371670008e+00
3.347999999999999848e-03 2.317647794300830011e+00
-1.786999999999999960e-03 2.885840342499169875e+00
1.918999999999999916e-03 3.091088901733329841e+00
1.669999999999999935e-04 3.630449961232499856e+00
-3.603999999999999999e-03 2.878675966484169901e+00
1.343000000000000010e-03 2.232839864690829845e+00
4.194999999999999944e-03 3.069846176671669813e+00
