1.039999999999999909e-03 2.861578711234169958e+00
2.240999999999999936e-03 2.311288980515000091e+00
-2.670000000000000064e-03 3.036585112575830081e+00
-1.567999999999999949e-03 2.626830755832500142e+00
1.299999999999999940e-03 2.910003366371670008e+00
3.259000000000000178e-03 2.649287264275829834e+00
-2.629999999999999959e-04 2.232839864690829845e+00
-2.497999999999999787e-03 3.091088901733329841e+00
5.472999999999999567e-03 2.631649450670829893e+00
-1.403399999999999960e-02 2.289589200871669838e+00
1.994999999999999812e-03 2.475586401600000208e+00
5.723999999999999921e-03 2.474262205700000106e+00
