-4.159999999999999744e-04 3.585468473592499983e+00
1.078699999999999971e-02 3.666104361145829937e+00
7.259999999999999743e-04 3.422678836278330028e+00
8.379999999999999862e-04 3.511233145875829909e+00
2.268000000000000051e-03 2.910003366371670008e+00
-1.557999999999999923e-03 3.159909139493750185e+00
4.029999999999999837e-04 3.210439496352500033e+00
-6.055999999999999751e-03 3.333589427757500001e+00
-7.407000000000000389e-03 3.312606816262499976e+00
-6.753999999999999587e-03 3.649124527290830144e+00
5.550000000000000462e-04 3.943616677120830083e+00
6.612999999999999955e-03 3.333589427757500001e+00
