-4.159999999999999744e-04 3.844232197199170198e+00
1.078699999999999971e-02 3.100652486853329837e+00
7.259999999999999743e-04 3.310803478648329801e+00
8.379999999999999862e-04 3.776588480504170064e+00
2.268000000000000051e-03 3.506392218752500067e+00
-1.557999999999999923e-03 3.159909139493750185e+00
4.029999999999999837e-04 4.120457393643330413e+00
-6.055999999999999751e-03 3.448449969940829973e+00
-7.407000000000000389e-03 3.909846210603329819e+00
-6.753999999999999587e-03 2.289589200871669838e+00
5.550000000000000462e-04 3.184694893079170086e+00
6.612999999999999955e-03 2.887873083694170173e+00
