-3.841999999999999929e-03 2.861578711234169958e+00
1.472999999999999917e-03 2.311288980515000091e+00
-1.608999999999999970e-03 2.883400558382500201e+00
4.730000000000000046e-04 2.423017778335830208e+00
-7.657999999999999877e-03 3.097709143024999889e+00
2.851999999999999934e-03 2.649287264275829834e+00
5.135999999999999940e-03 2.463280187130830079e+00
2.180000000000000134e-04 2.934541733082919990e+00
-2.792999999999999910e-03 2.887873083694170173e+00
5.680000000000000370e-04 2.607826392740829835e+00
-4.949999999999999973e-04 2.885840342499169875e+00
5.676999999999999755e-03 2.689221729744169842e+00
