-2.186000000000000009e-03 3.379376201191670148e+00
-1.489999999999999897e-04 2.474262205700000106e+00
6.520000000000000188e-04 2.775401040593330038e+00
1.330000000000000073e-04 2.885840342499169875e+00
9.030000000000000483e-04 3.323327811357500217e+00
-1.595000000000000064e-03 3.159909139493750185e+00
-1.500000000000000031e-03 2.885840342499169875e+00
2.651000000000000145e-03 3.333589427757500001e+00
2.690000000000000117e-03 2.887873083694170173e+00
1.717999999999999909e-03 3.477675110559169891e+00
-1.788000000000000093e-03 2.952351001563330080e+00
-1.528999999999999977e-03 2.969677835105830166e+00
