8.130000000000000074e-03 2.861578711234169958e+00
-1.440000000000000091e-03 2.885840342499169875e+00
-1.869999999999999917e-03 3.036585112575830081e+00
4.000000000000000192e-04 2.952689113646670194e+00
1.670999999999999959e-03 2.910003366371670008e+00
-2.369000000000000012e-03 3.159909139493750185e+00
-1.044999999999999922e-03 3.210439496352500033e+00
3.339999999999999870e-04 2.626259204186669916e+00
-4.180000000000000230e-04 3.110932790737499953e+00
1.541000000000000052e-03 3.091088901733329841e+00
-4.191000000000000281e-03 3.184694893079170086e+00
-7.439999999999999782e-04 3.477675110559169891e+00
