-3.691999999999999969e-03 2.861578711234169958e+00
-2.889999999999999774e-04 3.100652486853329837e+00
-4.375999999999999682e-03 2.883400558382500201e+00
3.789999999999999966e-03 3.323327811357500217e+00
-2.429999999999999977e-04 2.496194736433329897e+00
-1.317000000000000028e-03 3.159909139493750185e+00
1.166599999999999929e-02 3.210439496352500033e+00
6.899999999999999667e-05 3.448449969940829973e+00
-6.512000000000000427e-03 2.887873083694170173e+00
3.719999999999999891e-04 3.477675110559169891e+00
1.382999999999999898e-03 3.184694893079170086e+00
-8.509999999999999769e-04 2.808643797939999853e+00
