-3.691999999999999969e-03 3.015176532494169948e+00
-2.889999999999999774e-04 3.100652486853329837e+00
-4.375999999999999682e-03 2.883400558382500201e+00
3.789999999999999966e-03 3.063190989340829784e+00
-2.429999999999999977e-04 2.711261192726670100e+00
-1.317000000000000028e-03 3.159909139493750185e+00
1.166599999999999929e-02 2.885840342499169875e+00
6.899999999999999667e-05 3.091088901733329841e+00
-6.512000000000000427e-03 2.631649450670829893e+00
3.719999999999999891e-04 3.291367351920829964e+00
1.382999999999999898e-03 3.323327811357500217e+00
-8.509999999999999769e-04 2.604552662213329928e+00
