1.905999999999999925e-03 3.585468473592499983e+00
5.244999999999999662e-03 3.288397554711670168e+00
-3.049000000000000061e-03 2.672968507864169840e+00
-4.748999999999999749e-03 3.257677341010829952e+00
-4.104000000000000009e-03 3.097709143024999889e+00
1.614999999999999899e-03 2.649287264275829834e+00
-3.899999999999999929e-04 3.346187224156670137e+00
1.588000000000000002e-03 2.934541733082919990e+00
6.200000000000000270e-05 3.630449961232499856e+00
-1.679999999999999907e-04 3.291367351920829964e+00
2.984000000000000107e-03 2.885840342499169875e+00
-9.389999999999999476e-04 2.887873083694170173e+00
