3.148000000000000190e-03 3.093129878573329883e+00
-4.446000000000000299e-03 3.100652486853329837e+00
7.370000000000000249e-04 2.320471667837499918e+00
-2.037999999999999881e-03 3.063190989340829784e+00
-5.178999999999999576e-03 2.243391379300000210e+00
-1.358000000000000049e-03 2.649287264275829834e+00
1.541000000000000052e-03 2.781334037115830160e+00
3.579000000000000150e-03 2.512724427256670001e+00
1.100000000000000066e-03 2.631649450670829893e+00
-3.681999999999999943e-03 2.607826392740829835e+00
3.384999999999999988e-03 2.603649359371670080e+00
3.213000000000000144e-03 2.324573183525830089e+00
