-7.013000000000000136e-03 3.455872847469169784e+00
1.856999999999999927e-03 3.778970952814999951e+00
-6.466999999999999658e-03 3.422678836278330028e+00
8.599999999999999789e-04 3.644814572479170067e+00
-1.768999999999999956e-03 3.712643095899999857e+00
-5.910000000000000539e-04 2.920692407705829829e+00
-1.941000000000000017e-03 2.885840342499169875e+00
-1.678000000000000021e-03 3.649124527290830144e+00
3.869000000000000043e-03 3.482246535817500099e+00
7.710999999999999972e-03 2.607826392740829835e+00
2.765999999999999796e-03 3.184694893079170086e+00
2.396999999999999825e-03 3.592552239576670026e+00
