-7.479999999999999670e-04 3.015176532494169948e+00
5.760000000000000146e-04 3.853854074026669796e+00
-3.240000000000000150e-04 4.171942512845830286e+00
1.951000000000000043e-03 3.110932790737499953e+00
-7.297999999999999800e-03 3.895020552933329938e+00
-1.399999999999999986e-03 2.920692407705829829e+00
1.268000000000000030e-03 2.885840342499169875e+00
-5.040000000000000209e-03 3.802975839610000186e+00
6.161999999999999943e-03 4.052894267909169734e+00
7.455999999999999954e-03 2.878675966484169901e+00
-2.333000000000000004e-03 4.007227840135420216e+00
-2.700000000000000035e-04 3.477675110559169891e+00
