-7.429999999999999973e-03 3.455872847469169784e+00
1.376999999999999969e-03 2.885840342499169875e+00
-7.940000000000000009e-04 3.173370239693329875e+00
-1.744000000000000107e-03 2.952689113646670194e+00
2.211999999999999991e-03 2.910003366371670008e+00
3.559999999999999797e-03 2.920692407705829829e+00
2.829999999999999942e-04 3.067902501211670074e+00
8.862999999999999351e-03 3.531499054073329980e+00
1.005000000000000034e-03 3.110932790737499953e+00
-6.395999999999999776e-03 3.291367351920829964e+00
-1.626000000000000058e-03 2.475586401600000208e+00
6.899999999999999667e-04 2.689221729744169842e+00
