-7.429999999999999973e-03 3.321491868097500078e+00
1.376999999999999969e-03 3.100652486853329837e+00
-7.940000000000000009e-04 3.310803478648329801e+00
-1.744000000000000107e-03 3.511233145875829909e+00
2.211999999999999991e-03 3.251443298889999944e+00
3.559999999999999797e-03 3.159909139493750185e+00
2.829999999999999942e-04 3.939983452114999896e+00
8.862999999999999351e-03 3.448449969940829973e+00
1.005000000000000034e-03 3.110932790737499953e+00
-6.395999999999999776e-03 2.607826392740829835e+00
-1.626000000000000058e-03 2.885840342499169875e+00
6.899999999999999667e-04 3.477675110559169891e+00
