-2.183000000000000045e-03 2.753895383479170178e+00
1.708000000000000100e-03 2.311288980515000091e+00
7.029999999999999574e-04 2.883400558382500201e+00
1.363000000000000062e-03 2.507884720399169876e+00
-2.308000000000000156e-03 2.711261192726670100e+00
3.550000000000000096e-04 2.480167664599170152e+00
-1.972999999999999927e-03 2.673386568951670039e+00
1.297999999999999892e-03 2.693615501634170073e+00
-1.307999999999999918e-03 2.768565300648750060e+00
6.030000000000000204e-04 2.718454609123329924e+00
-4.319999999999999838e-04 2.331366552131670211e+00
2.173000000000000018e-03 2.474262205700000106e+00
