-2.183000000000000045e-03 2.861578711234169958e+00
1.708000000000000100e-03 2.311288980515000091e+00
7.029999999999999574e-04 2.933572266770830161e+00
1.363000000000000062e-03 2.952689113646670194e+00
-2.308000000000000156e-03 2.848232117060829793e+00
3.550000000000000096e-04 2.480167664599170152e+00
-1.972999999999999927e-03 2.885840342499169875e+00
1.297999999999999892e-03 2.512724427256670001e+00
-1.307999999999999918e-03 2.768565300648750060e+00
6.030000000000000204e-04 2.878675966484169901e+00
-4.319999999999999838e-04 2.678153099920829838e+00
2.173000000000000018e-03 2.604552662213329928e+00
