-3.591000000000000008e-03 3.169671990200829903e+00
3.508999999999999966e-03 2.885840342499169875e+00
-8.019999999999999785e-04 3.310803478648329801e+00
5.706000000000000134e-03 2.952689113646670194e+00
-1.000000000000000048e-04 2.910003366371670008e+00
-1.913999999999999903e-03 3.526920076280830152e+00
7.290000000000000473e-04 4.120457393643330413e+00
-1.840999999999999972e-03 3.649124527290830144e+00
3.100000000000000135e-05 3.482246535817500099e+00
-4.242000000000000111e-03 4.009164337077920415e+00
5.509999999999999490e-04 2.885840342499169875e+00
1.964000000000000034e-03 3.069846176671669813e+00
