-9.939999999999999183e-03 3.515451363184999956e+00
-3.615999999999999857e-03 2.633600530389999861e+00
3.665999999999999988e-03 2.933572266770830161e+00
-4.954000000000000070e-03 2.885840342499169875e+00
9.909999999999999105e-04 3.097709143024999889e+00
4.200000000000000174e-04 2.808643797939999853e+00
9.999999999999999547e-07 2.961506094162499991e+00
2.265999999999999785e-03 2.693615501634170073e+00
4.776999999999999996e-03 2.631649450670829893e+00
7.770000000000000214e-04 2.718454609123329924e+00
9.169999999999999549e-04 2.678153099920829838e+00
4.694000000000000256e-03 2.689221729744169842e+00
