-9.939999999999999183e-03 3.321491868097500078e+00
-3.615999999999999857e-03 2.885840342499169875e+00
3.665999999999999988e-03 3.036585112575830081e+00
-4.954000000000000070e-03 3.257677341010829952e+00
9.909999999999999105e-04 3.251443298889999944e+00
4.200000000000000174e-04 2.317647794300830011e+00
9.999999999999999547e-07 3.346187224156670137e+00
2.265999999999999785e-03 3.333589427757500001e+00
4.776999999999999996e-03 2.887873083694170173e+00
7.770000000000000214e-04 3.477675110559169891e+00
9.169999999999999549e-04 2.885840342499169875e+00
4.694000000000000256e-03 2.689221729744169842e+00
