4.691999999999999990e-03 2.232839864690829845e+00
-2.374999999999999941e-03 2.885840342499169875e+00
5.919999999999999698e-04 2.883400558382500201e+00
1.840999999999999972e-03 2.626830755832500142e+00
-3.631999999999999812e-03 3.097709143024999889e+00
-6.995999999999999615e-03 2.920692407705829829e+00
7.305999999999999994e-03 2.673386568951670039e+00
3.020000000000000223e-04 2.934541733082919990e+00
-5.880999999999999943e-03 2.631649450670829893e+00
1.116600000000000058e-02 3.091088901733329841e+00
-6.311999999999999902e-03 2.678153099920829838e+00
-7.029999999999999574e-04 2.474262205700000106e+00
