5.028999999999999616e-03 3.015176532494169948e+00
-5.224999999999999610e-03 3.100652486853329837e+00
-8.533000000000000654e-03 3.173370239693329875e+00
7.785000000000000253e-03 3.110932790737499953e+00
-2.995999999999999965e-03 2.496194736433329897e+00
-1.528000000000000061e-03 2.920692407705829829e+00
4.375000000000000416e-03 2.885840342499169875e+00
-6.549999999999999833e-04 2.797186331386670055e+00
7.540000000000000044e-04 2.887873083694170173e+00
6.645999999999999998e-03 2.607826392740829835e+00
-4.950000000000000407e-03 2.678153099920829838e+00
-7.020000000000000415e-04 2.474262205700000106e+00
