2.190000000000000106e-04 2.654003626677500005e+00
1.007000000000000083e-03 2.633600530389999861e+00
-2.252999999999999794e-03 2.883400558382500201e+00
4.034000000000000259e-03 2.423017778335830208e+00
-6.589999999999999721e-04 3.097709143024999889e+00
7.700000000000000139e-05 3.526920076280830152e+00
3.661000000000000192e-03 3.067902501211670074e+00
1.471000000000000085e-03 2.797186331386670055e+00
-8.299999999999999815e-05 2.631649450670829893e+00
-2.069999999999999792e-03 2.878675966484169901e+00
-7.150000000000000322e-04 2.885840342499169875e+00
-4.688999999999999592e-03 3.069846176671669813e+00
