-3.236000000000000161e-03 3.585468473592499983e+00
-1.034999999999999896e-03 2.885840342499169875e+00
-6.849999999999999535e-04 3.812336454999170066e+00
-1.479000000000000063e-03 4.409835926537500228e+00
2.370000000000000145e-03 3.380474998865000025e+00
5.969999999999999829e-04 3.932697512993330147e+00
-4.309999999999999595e-03 3.791830801017499919e+00
4.401000000000000398e-03 3.802975839610000186e+00
4.751000000000000015e-03 2.631649450670829893e+00
-2.615999999999999836e-03 3.477675110559169891e+00
8.369999999999999619e-04 3.802975839610000186e+00
4.049999999999999781e-04 3.069846176671669813e+00
