-1.604999999999999830e-02 2.568261339060830206e+00
4.498000000000000262e-03 3.100652486853329837e+00
-1.016999999999999892e-03 2.589181852388330096e+00
-6.400000000000000524e-04 3.063190989340829784e+00
-1.093700000000000054e-02 2.848232117060829793e+00
2.438000000000000063e-03 2.808643797939999853e+00
-1.033599999999999970e-02 2.319846410246670043e+00
-6.321000000000000230e-03 2.797186331386670055e+00
-1.170999999999999992e-02 2.887873083694170173e+00
3.341700000000000226e-02 3.477675110559169891e+00
1.522100000000000015e-02 3.064782091047499879e+00
1.436999999999999909e-03 3.069846176671669813e+00
