-2.028999999999999988e-03 2.912275816651670013e+00
1.596999999999999895e-03 3.001973113065830034e+00
4.350000000000000026e-04 2.883400558382500201e+00
-5.298999999999999891e-03 2.952689113646670194e+00
3.380000000000000192e-03 2.357709953982499940e+00
1.583999999999999905e-03 2.317647794300830011e+00
-2.742000000000000080e-03 3.133085635572499861e+00
1.510999999999999973e-03 3.091088901733329841e+00
6.158000000000000279e-03 2.887873083694170173e+00
-4.076999999999999895e-03 2.972576940943330026e+00
1.289999999999999914e-03 2.678153099920829838e+00
-1.807999999999999928e-03 3.210370848814580125e+00
