-2.028999999999999988e-03 2.912275816651670013e+00
1.596999999999999895e-03 3.001973113065830034e+00
4.350000000000000026e-04 3.173370239693329875e+00
-5.298999999999999891e-03 2.808643797939999853e+00
3.380000000000000192e-03 2.357709953982499940e+00
1.583999999999999905e-03 2.317647794300830011e+00
-2.742000000000000080e-03 3.301711489300000135e+00
1.510999999999999973e-03 2.797186331386670055e+00
6.158000000000000279e-03 2.887873083694170173e+00
-4.076999999999999895e-03 3.376394497626669988e+00
1.289999999999999914e-03 3.323327811357500217e+00
-1.807999999999999928e-03 3.210370848814580125e+00
