-2.935999999999999808e-03 3.455872847469169784e+00
3.199999999999999855e-05 2.885840342499169875e+00
4.250999999999999571e-03 3.173370239693329875e+00
-2.860999999999999828e-03 3.383480405599999852e+00
-5.865000000000000421e-03 2.711261192726670100e+00
8.679999999999999565e-04 2.649287264275829834e+00
4.808999999999999907e-03 2.463280187130830079e+00
6.457000000000000066e-03 3.448449969940829973e+00
-6.278999999999999859e-03 2.631649450670829893e+00
-4.776999999999999996e-03 2.878675966484169901e+00
4.002000000000000349e-03 2.885840342499169875e+00
2.301000000000000094e-03 3.069846176671669813e+00
