3.285999999999999859e-03 2.861578711234169958e+00
3.660000000000000059e-04 3.954470807749169925e+00
-1.797999999999999902e-03 4.052894267909169734e+00
2.468999999999999841e-03 2.808643797939999853e+00
-2.475000000000000203e-03 4.149694961940830318e+00
7.200000000000000182e-05 3.617742732074999967e+00
1.271999999999999910e-03 2.673386568951670039e+00
-2.132999999999999913e-03 4.350983571194169564e+00
2.599999999999999840e-05 3.692919181488329983e+00
2.334000000000000137e-03 2.445643564935000125e+00
-1.685000000000000083e-03 4.283698759817499813e+00
-1.734000000000000081e-03 3.830967429579999806e+00
