-4.335999999999999577e-03 2.568261339060830206e+00
-3.983999999999999694e-03 2.704317027463329914e+00
4.916000000000000231e-03 2.514119374387500105e+00
1.740000000000000010e-04 2.232839864690829845e+00
-5.730000000000000501e-04 2.439146018250830217e+00
2.454000000000000018e-03 2.480167664599170152e+00
2.054999999999999969e-03 2.829891553245829972e+00
1.652000000000000040e-03 2.487430920875830065e+00
-2.224999999999999981e-03 2.958068653050000218e+00
-8.031999999999999210e-03 2.678153099920829838e+00
6.131000000000000165e-03 2.543133980324169929e+00
1.768000000000000040e-03 2.521293151842499913e+00
