-3.092000000000000130e-03 3.169671990200829903e+00
4.688000000000000327e-03 3.666104361145829937e+00
-1.142999999999999919e-03 3.346187224156670137e+00
-6.300000000000000261e-04 2.626830755832500142e+00
-2.358999999999999986e-03 3.016202241574169829e+00
2.524999999999999901e-03 2.920692407705829829e+00
-1.717999999999999909e-03 3.495623166204170129e+00
-2.200000000000000133e-03 3.333589427757500001e+00
-1.070999999999999903e-03 3.410225028047499940e+00
1.456999999999999962e-03 3.376394497626669988e+00
1.894999999999999983e-03 3.435653489584169940e+00
1.649000000000000075e-03 3.210370848814580125e+00
