-3.092000000000000130e-03 3.455872847469169784e+00
4.688000000000000327e-03 3.778970952814999951e+00
-1.142999999999999919e-03 3.477675110559169891e+00
-6.300000000000000261e-04 3.110932790737499953e+00
-2.358999999999999986e-03 2.848232117060829793e+00
2.524999999999999901e-03 3.346187224156670137e+00
-1.717999999999999909e-03 3.067902501211670074e+00
-2.200000000000000133e-03 3.531499054073329980e+00
-1.070999999999999903e-03 3.410225028047499940e+00
1.456999999999999962e-03 3.188253416951670083e+00
1.894999999999999983e-03 3.721864029499169835e+00
1.649000000000000075e-03 3.333589427757500001e+00
