4.196000000000000077e-03 3.169671990200829903e+00
-4.872999999999999728e-03 2.885840342499169875e+00
-8.469999999999999881e-04 2.466548709025830011e+00
-7.376999999999999877e-03 2.626830755832500142e+00
2.883000000000000146e-03 2.496194736433329897e+00
-1.528000000000000061e-03 2.920692407705829829e+00
2.400000000000000061e-04 2.673386568951670039e+00
3.460000000000000076e-04 2.429781636614170015e+00
-3.873000000000000140e-03 2.887873083694170173e+00
5.797000000000000069e-03 3.091088901733329841e+00
-3.879999999999999985e-04 2.475586401600000208e+00
5.425000000000000135e-03 2.689221729744169842e+00
