2.959999999999999958e-03 3.695849826027500118e+00
-1.915999999999999951e-03 3.554459934575830093e+00
3.465000000000000198e-03 3.513360760031670083e+00
-3.650000000000000033e-03 3.257677341010829952e+00
3.877999999999999937e-03 3.506392218752500067e+00
-1.696999999999999941e-03 2.920692407705829829e+00
3.154999999999999818e-03 3.210439496352500033e+00
-3.027000000000000177e-03 3.880491689511670117e+00
-1.044000000000000006e-03 3.312606816262499976e+00
4.800000000000000122e-05 3.807950787064999787e+00
-1.175999999999999962e-03 3.531499054073329980e+00
-9.959999999999999236e-04 3.795196248818749840e+00
