2.959999999999999958e-03 2.654003626677500005e+00
-1.915999999999999951e-03 2.633600530389999861e+00
3.465000000000000198e-03 2.672968507864169840e+00
-3.650000000000000033e-03 2.626830755832500142e+00
3.877999999999999937e-03 2.626259204186669916e+00
-1.696999999999999941e-03 3.346187224156670137e+00
3.154999999999999818e-03 2.232839864690829845e+00
-3.027000000000000177e-03 2.512724427256670001e+00
-1.044000000000000006e-03 2.308312228881669981e+00
4.800000000000000122e-05 2.607826392740829835e+00
-1.175999999999999962e-03 2.603649359371670080e+00
-9.959999999999999236e-04 3.136782875271669990e+00
