-4.002000000000000349e-03 2.861578711234169958e+00
1.735999999999999913e-03 2.474262205700000106e+00
2.386999999999999799e-03 2.320471667837499918e+00
3.539999999999999853e-04 2.808643797939999853e+00
-3.805999999999999921e-03 2.243391379300000210e+00
1.283000000000000069e-03 2.920692407705829829e+00
-8.710000000000000294e-04 3.133085635572499861e+00
1.029999999999999964e-04 2.934541733082919990e+00
9.500000000000000523e-05 2.887873083694170173e+00
-4.459999999999999989e-04 3.091088901733329841e+00
3.475999999999999923e-03 2.885840342499169875e+00
-3.080000000000000055e-04 2.474262205700000106e+00
