-4.061999999999999639e-03 3.695849826027500118e+00
-2.020000000000000094e-03 3.100652486853329837e+00
2.994999999999999832e-03 3.036585112575830081e+00
-4.249999999999999763e-04 3.257677341010829952e+00
4.778000000000000129e-03 2.711261192726670100e+00
-1.832000000000000078e-03 2.317647794300830011e+00
9.787000000000000560e-03 2.885840342499169875e+00
-1.740000000000000010e-03 3.448449969940829973e+00
-4.808999999999999907e-03 2.887873083694170173e+00
7.941999999999999407e-03 3.649124527290830144e+00
-7.039000000000000118e-03 3.184694893079170086e+00
-3.575000000000000053e-03 2.689221729744169842e+00
