3.425000000000000093e-03 2.861578711234169958e+00
-3.399999999999999973e-05 3.432888597416670073e+00
-1.977000000000000025e-03 3.310803478648329801e+00
1.672000000000000092e-03 3.110932790737499953e+00
5.810000000000000277e-04 3.712643095899999857e+00
2.174000000000000151e-03 3.526920076280830152e+00
2.829999999999999942e-04 3.346187224156670137e+00
-2.060000000000000199e-03 3.215854378122500190e+00
-3.570999999999999956e-03 3.482246535817500099e+00
-4.330000000000000081e-04 3.091088901733329841e+00
-1.075000000000000001e-03 3.721864029499169835e+00
1.013999999999999927e-03 3.592552239576670026e+00
