3.425000000000000093e-03 3.169671990200829903e+00
-3.399999999999999973e-05 2.311288980515000091e+00
-1.977000000000000025e-03 3.422678836278330028e+00
1.672000000000000092e-03 2.626830755832500142e+00
5.810000000000000277e-04 2.711261192726670100e+00
2.174000000000000151e-03 2.920692407705829829e+00
2.829999999999999942e-04 3.346187224156670137e+00
-2.060000000000000199e-03 2.934541733082919990e+00
-3.570999999999999956e-03 3.312606816262499976e+00
-4.330000000000000081e-04 3.291367351920829964e+00
-1.075000000000000001e-03 2.885840342499169875e+00
1.013999999999999927e-03 3.333589427757500001e+00
