-2.171999999999999886e-03 2.654003626677500005e+00
9.309999999999999699e-04 2.633600530389999861e+00
-1.028999999999999967e-03 2.883400558382500201e+00
-1.232000000000000022e-03 3.110932790737499953e+00
-3.836000000000000000e-03 2.910003366371670008e+00
2.041999999999999978e-03 3.159909139493750185e+00
1.330999999999999935e-03 3.495623166204170129e+00
1.663999999999999898e-03 3.091088901733329841e+00
-1.113999999999999973e-03 2.631649450670829893e+00
4.615000000000000178e-03 3.091088901733329841e+00
1.659999999999999963e-04 3.064782091047499879e+00
-1.368000000000000075e-03 2.232839864690829845e+00
