7.471000000000000210e-03 3.015176532494169948e+00
4.924000000000000425e-03 2.885840342499169875e+00
-1.459999999999999926e-03 3.310803478648329801e+00
-2.315999999999999916e-03 3.110932790737499953e+00
-5.472999999999999567e-03 3.251443298889999944e+00
3.670999999999999784e-03 3.346187224156670137e+00
-4.342999999999999639e-03 2.673386568951670039e+00
-1.825999999999999932e-03 3.091088901733329841e+00
-3.130000000000000187e-04 3.312606816262499976e+00
1.219999999999999947e-03 3.649124527290830144e+00
-2.007000000000000103e-03 3.435653489584169940e+00
4.519999999999999821e-04 3.795196248818749840e+00
