-1.149000000000000065e-03 3.169671990200829903e+00
-2.268000000000000051e-03 2.885840342499169875e+00
-1.979999999999999881e-04 3.173370239693329875e+00
3.710000000000000190e-04 2.626830755832500142e+00
-3.014000000000000186e-03 2.711261192726670100e+00
-2.224999999999999981e-03 3.159909139493750185e+00
1.884999999999999957e-03 3.067902501211670074e+00
3.766999999999999949e-03 2.626259204186669916e+00
-2.811999999999999830e-03 2.308312228881669981e+00
4.074999999999999629e-03 3.091088901733329841e+00
-5.710000000000000015e-04 3.064782091047499879e+00
2.138999999999999842e-03 2.474262205700000106e+00
