-7.113000000000000399e-03 3.103743325173330181e+00
1.899000000000000080e-03 2.819358985960000119e+00
-2.102999999999999835e-03 2.731914790659169867e+00
-6.079000000000000202e-03 2.626830755832500142e+00
7.043999999999999914e-03 2.318019638991669851e+00
9.030000000000000483e-04 2.572588807304999836e+00
4.350999999999999833e-03 2.961506094162499991e+00
4.759000000000000209e-03 2.331366552131670211e+00
-4.301000000000000136e-03 2.308312228881669981e+00
2.110000000000000059e-04 2.765161098790000160e+00
2.246000000000000166e-03 2.543133980324169929e+00
-1.817000000000000039e-03 2.474262205700000106e+00
