-7.113000000000000399e-03 2.691074498547080029e+00
1.899000000000000080e-03 2.683714195105829869e+00
-2.102999999999999835e-03 2.504262895503329922e+00
-6.079000000000000202e-03 2.559527934735830179e+00
7.043999999999999914e-03 2.243391379300000210e+00
9.030000000000000483e-04 2.572588807304999836e+00
4.350999999999999833e-03 2.505195713344170017e+00
4.759000000000000209e-03 2.487430920875830065e+00
-4.301000000000000136e-03 2.509359416173329915e+00
2.110000000000000059e-04 2.469334480261669906e+00
2.246000000000000166e-03 2.286748006613330109e+00
-1.817000000000000039e-03 2.324573183525830089e+00
