-4.167999999999999830e-03 2.568261339060830206e+00
7.990000000000000140e-04 2.765161098790000160e+00
-2.420999999999999975e-03 2.933572266770830161e+00
-3.546999999999999806e-03 2.423017778335830208e+00
3.049000000000000061e-03 2.496194736433329897e+00
4.237999999999999580e-03 2.480167664599170152e+00
-4.145000000000000247e-03 2.961506094162499991e+00
3.651999999999999864e-03 2.693615501634170073e+00
2.374999999999999941e-03 2.768565300648750060e+00
2.782999999999999884e-03 2.718454609123329924e+00
1.948999999999999995e-03 2.678153099920829838e+00
-4.564999999999999614e-03 2.474262205700000106e+00
