1.441999999999999922e-03 2.232839864690829845e+00
-7.355000000000000426e-03 3.001973113065830034e+00
-7.615000000000000241e-03 2.933572266770830161e+00
8.037000000000000741e-03 2.952689113646670194e+00
-3.899999999999999929e-04 2.243391379300000210e+00
-2.130000000000000003e-04 3.159909139493750185e+00
7.561000000000000013e-03 2.673386568951670039e+00
-1.516999999999999902e-03 3.091088901733329841e+00
5.810000000000000277e-04 2.308312228881669981e+00
2.509999999999999753e-04 3.091088901733329841e+00
4.119999999999999856e-04 2.885840342499169875e+00
-1.193000000000000050e-03 2.689221729744169842e+00
