1.080200000000000084e-02 2.568261339060830206e+00
1.583999999999999905e-03 2.885840342499169875e+00
-2.439000000000000196e-03 3.036585112575830081e+00
-1.317999999999999944e-03 2.626830755832500142e+00
3.216000000000000109e-03 2.910003366371670008e+00
3.324999999999999831e-03 2.649287264275829834e+00
-2.733999999999999885e-03 2.589181852388330096e+00
1.564999999999999985e-03 2.693615501634170073e+00
-1.260999999999999968e-03 2.887873083694170173e+00
2.669999999999999847e-04 2.607826392740829835e+00
-8.028999999999999679e-03 2.952351001563330080e+00
-4.977999999999999786e-03 2.604552662213329928e+00
