1.080200000000000084e-02 3.169671990200829903e+00
1.583999999999999905e-03 2.885840342499169875e+00
-2.439000000000000196e-03 3.513360760031670083e+00
-1.317999999999999944e-03 3.895020552933329938e+00
3.216000000000000109e-03 3.506392218752500067e+00
3.324999999999999831e-03 3.346187224156670137e+00
-2.733999999999999885e-03 3.646319843685000173e+00
1.564999999999999985e-03 3.531499054073329980e+00
-1.260999999999999968e-03 3.630449961232499856e+00
2.669999999999999847e-04 3.291367351920829964e+00
-8.028999999999999679e-03 3.435653489584169940e+00
-4.977999999999999786e-03 3.069846176671669813e+00
