1.080200000000000084e-02 2.861578711234169958e+00
1.583999999999999905e-03 2.885840342499169875e+00
-2.439000000000000196e-03 2.933572266770830161e+00
-1.317999999999999944e-03 2.696385052234170132e+00
3.216000000000000109e-03 2.496194736433329897e+00
3.324999999999999831e-03 2.808643797939999853e+00
-2.733999999999999885e-03 2.961506094162499991e+00
1.564999999999999985e-03 2.297986266580830161e+00
-1.260999999999999968e-03 2.887873083694170173e+00
2.669999999999999847e-04 2.607826392740829835e+00
-8.028999999999999679e-03 2.603649359371670080e+00
-4.977999999999999786e-03 2.474262205700000106e+00
