1.080200000000000084e-02 3.169671990200829903e+00
1.583999999999999905e-03 4.233934728224170385e+00
-2.439000000000000196e-03 4.346149633668329848e+00
-1.317999999999999944e-03 3.257677341010829952e+00
3.216000000000000109e-03 4.174606631870830142e+00
3.324999999999999831e-03 3.932697512993330147e+00
-2.733999999999999885e-03 3.791830801017499919e+00
1.564999999999999985e-03 4.397270813716669835e+00
-1.260999999999999968e-03 4.052894267909169734e+00
2.669999999999999847e-04 3.807950787064999787e+00
-8.028999999999999679e-03 4.559452620991669924e+00
-4.977999999999999786e-03 4.231106808075000281e+00
