-1.761999999999999894e-03 2.704317027463329914e+00
-6.899999999999999667e-05 2.542129123595000095e+00
5.730000000000000501e-04 2.385632635744169949e+00
-2.488000000000000194e-03 2.673386568951670039e+00
-3.491999999999999878e-03 2.589181852388330096e+00
1.730000000000000038e-04 2.874774386328330156e+00
2.889000000000000075e-03 2.624530291645830182e+00
-7.420000000000000380e-04 2.462163937670830194e+00
4.287000000000000012e-03 2.768565300648750060e+00
-3.550999999999999903e-03 2.669900500290829815e+00
3.001000000000000195e-03 2.753895383479170178e+00
1.182000000000000108e-03 2.546066821140830161e+00
