3.216999999999999808e-03 2.232839864690829845e+00
1.846999999999999901e-03 2.474262205700000106e+00
-2.994000000000000133e-03 2.672968507864169840e+00
1.255000000000000039e-03 2.232839864690829845e+00
-3.467000000000000030e-03 2.357709953982499940e+00
8.440000000000000236e-04 2.317647794300830011e+00
5.233999999999999937e-03 2.463280187130830079e+00
-2.190999999999999805e-03 2.626259204186669916e+00
-1.546999999999999981e-03 2.631649450670829893e+00
2.899999999999999800e-03 2.607826392740829835e+00
-3.850999999999999823e-03 2.232839864690829845e+00
-1.245999999999999929e-03 2.808643797939999853e+00
