3.275999999999999832e-03 2.912275816651670013e+00
-3.101000000000000024e-03 3.506392218752500067e+00
5.619999999999999996e-04 3.173370239693329875e+00
-6.750000000000000357e-04 2.808643797939999853e+00
-6.941000000000000121e-03 2.910003366371670008e+00
-5.903000000000000261e-03 3.526920076280830152e+00
3.781000000000000073e-03 3.067902501211670074e+00
-2.458999999999999814e-03 2.797186331386670055e+00
1.547999999999999897e-03 2.469620678989170148e+00
8.611999999999999864e-03 2.607826392740829835e+00
8.159999999999999936e-04 3.263172902849170054e+00
4.829999999999999767e-04 2.969677835105830166e+00
