3.275999999999999832e-03 2.753895383479170178e+00
-3.101000000000000024e-03 3.001973113065830034e+00
5.619999999999999996e-04 2.883400558382500201e+00
-6.750000000000000357e-04 2.423017778335830208e+00
-6.941000000000000121e-03 3.097709143024999889e+00
-5.903000000000000261e-03 2.649287264275829834e+00
3.781000000000000073e-03 2.673386568951670039e+00
-2.458999999999999814e-03 2.934541733082919990e+00
1.547999999999999897e-03 2.768565300648750060e+00
8.611999999999999864e-03 2.607826392740829835e+00
8.159999999999999936e-04 3.113367012274169898e+00
4.829999999999999767e-04 3.136782875271669990e+00
