-1.204999999999999908e-03 2.478329573443330158e+00
2.489999999999999809e-04 2.792574898266670047e+00
1.838000000000000007e-03 2.797447616859999986e+00
-8.120000000000000048e-04 2.731528313290830123e+00
-1.129999999999999928e-03 2.357709953982499940e+00
2.386999999999999799e-03 2.743387412900830213e+00
-2.834999999999999847e-03 2.673386568951670039e+00
-8.199999999999999824e-04 2.551140727120829954e+00
-4.899999999999999842e-05 2.537627368103330117e+00
8.030000000000000028e-04 2.607826392740829835e+00
2.111000000000000029e-03 2.543133980324169929e+00
-5.389999999999999826e-04 2.604552662213329928e+00
