-1.204999999999999908e-03 2.613348037748330022e+00
2.489999999999999809e-04 2.961506094162499991e+00
1.838000000000000007e-03 3.118169833826669901e+00
-8.120000000000000048e-04 2.952689113646670194e+00
-1.129999999999999928e-03 2.626259204186669916e+00
2.386999999999999799e-03 3.089406691767500046e+00
-2.834999999999999847e-03 2.589181852388330096e+00
-8.199999999999999824e-04 2.474262205700000106e+00
-4.899999999999999842e-05 2.697573116506669866e+00
8.030000000000000028e-04 3.091088901733329841e+00
2.111000000000000029e-03 2.632215619060000122e+00
-5.389999999999999826e-04 2.474262205700000106e+00
