-9.428999999999999881e-03 3.585468473592499983e+00
3.546000000000000107e-03 3.432888597416670073e+00
9.959999999999999236e-04 3.173370239693329875e+00
-5.917999999999999650e-03 3.776588480504170064e+00
-2.750000000000000166e-04 3.506392218752500067e+00
3.444000000000000013e-03 3.932697512993330147e+00
-7.749999999999999728e-04 3.646319843685000173e+00
-2.138999999999999842e-03 2.626259204186669916e+00
1.688000000000000047e-03 3.482246535817500099e+00
3.410999999999999970e-03 3.477675110559169891e+00
4.959999999999999999e-03 3.435653489584169940e+00
4.920000000000000328e-04 3.880491689511670117e+00
