-2.364999999999999915e-03 2.654003626677500005e+00
-2.392000000000000029e-03 2.633600530389999861e+00
6.526999999999999816e-03 3.310803478648329801e+00
-8.607999999999999333e-03 2.808643797939999853e+00
-5.910000000000000539e-04 3.506392218752500067e+00
2.916999999999999888e-03 2.920692407705829829e+00
2.552000000000000015e-03 3.646319843685000173e+00
4.500000000000000283e-05 2.797186331386670055e+00
3.024999999999999911e-03 3.482246535817500099e+00
-2.311000000000000120e-03 3.091088901733329841e+00
1.320999999999999909e-03 3.064782091047499879e+00
-1.190000000000000058e-04 3.210370848814580125e+00
