-6.481999999999999915e-03 3.015176532494169948e+00
1.531999999999999942e-03 2.885840342499169875e+00
3.282000000000000195e-03 2.466548709025830011e+00
3.573999999999999920e-03 3.257677341010829952e+00
-1.404000000000000083e-03 3.251443298889999944e+00
-2.377000000000000206e-03 2.920692407705829829e+00
8.859999999999999603e-04 3.346187224156670137e+00
-5.754999999999999699e-03 3.215854378122500190e+00
8.477999999999999425e-03 3.312606816262499976e+00
4.702999999999999715e-03 3.477675110559169891e+00
-2.830000000000000050e-03 3.064782091047499879e+00
-3.605000000000000131e-03 3.210370848814580125e+00
