-1.557000000000000007e-03 2.452747889534999892e+00
1.350999999999999987e-03 2.400690230925830004e+00
4.949000000000000274e-03 2.385632635744169949e+00
-3.285999999999999859e-03 2.507884720399169876e+00
3.462999999999999932e-03 2.660084370077500093e+00
4.719999999999999803e-04 2.425596231700830163e+00
-8.267999999999999308e-03 2.271399883256670194e+00
-4.279999999999999950e-04 2.663617178879170044e+00
2.749000000000000141e-03 2.308312228881669981e+00
-4.588000000000000064e-03 2.607826392740829835e+00
2.331000000000000173e-03 2.331366552131670211e+00
2.814000000000000095e-03 2.639459988824170100e+00
