-4.505000000000000324e-03 2.717458948259170004e+00
1.260999999999999968e-03 2.833800593516670130e+00
2.759999999999999867e-04 2.731914790659169867e+00
-4.767000000000000404e-03 2.874331212690000026e+00
2.080999999999999951e-03 2.660651749988330206e+00
1.150999999999999896e-03 2.852441151698330124e+00
-6.790000000000000245e-04 2.606046328339170159e+00
-5.000000000000000240e-05 2.855779246456669807e+00
2.327000000000000075e-03 2.684145415040000149e+00
-2.069000000000000093e-03 2.607826392740829835e+00
2.245000000000000034e-03 2.769922615086669815e+00
2.727999999999999956e-03 2.764756422953329906e+00
