-4.505000000000000324e-03 2.895268738514169993e+00
1.260999999999999968e-03 2.833800593516670130e+00
2.759999999999999867e-04 2.965994819769170121e+00
-4.767000000000000404e-03 2.862265635907499828e+00
2.080999999999999951e-03 3.154087700324999854e+00
1.150999999999999896e-03 2.770625151794170016e+00
-6.790000000000000245e-04 2.809163467889169929e+00
-5.000000000000000240e-05 2.740632651080829874e+00
2.327000000000000075e-03 2.564070355465830175e+00
-2.069000000000000093e-03 2.491314450758329802e+00
2.245000000000000034e-03 2.929832756996670007e+00
2.727999999999999956e-03 2.587968457665830169e+00
