-2.935999999999999808e-03 2.654003626677500005e+00
3.199999999999999855e-05 2.885840342499169875e+00
4.250999999999999571e-03 3.422678836278330028e+00
-2.860999999999999828e-03 2.808643797939999853e+00
-5.865000000000000421e-03 2.496194736433329897e+00
8.679999999999999565e-04 2.920692407705829829e+00
4.808999999999999907e-03 2.463280187130830079e+00
6.457000000000000066e-03 3.091088901733329841e+00
-6.278999999999999859e-03 2.631649450670829893e+00
-4.776999999999999996e-03 3.291367351920829964e+00
4.002000000000000349e-03 3.184694893079170086e+00
2.301000000000000094e-03 2.689221729744169842e+00
