-5.290999999999999696e-03 2.892300137293330131e+00
2.043999999999999810e-03 2.967084663710830128e+00
-1.693000000000000060e-03 3.357299790541670159e+00
-1.969999999999999909e-04 3.257677341010829952e+00
-1.755999999999999965e-03 3.323327811357500217e+00
-3.409999999999999945e-04 2.874774386328330156e+00
4.251999999999999703e-03 2.920692407705829829e+00
-1.853999999999999962e-03 2.934541733082919990e+00
3.524999999999999922e-03 3.198459249767500179e+00
-1.262000000000000101e-03 3.538474061318329866e+00
1.796000000000000070e-03 3.064782091047499879e+00
7.770000000000000214e-04 2.808643797939999853e+00
