-3.869000000000000043e-03 2.861578711234169958e+00
8.108999999999999889e-03 2.885840342499169875e+00
7.415999999999999849e-03 3.173370239693329875e+00
-4.185999999999999617e-03 3.110932790737499953e+00
1.193999999999999966e-03 3.097709143024999889e+00
6.710000000000000469e-04 3.159909139493750185e+00
-4.666000000000000009e-03 3.346187224156670137e+00
1.188000000000000037e-03 2.626259204186669916e+00
2.033999999999999784e-03 3.776588480504170064e+00
-1.156199999999999936e-02 3.649124527290830144e+00
1.162000000000000055e-03 2.475586401600000208e+00
2.510000000000000078e-03 2.689221729744169842e+00
