-2.919000000000000154e-03 3.455872847469169784e+00
-4.120000000000000398e-03 3.853854074026669796e+00
4.573999999999999941e-03 3.936473912374999884e+00
-8.890000000000000333e-04 4.800010984516670298e+00
-2.233999999999999875e-03 3.712643095899999857e+00
-1.788000000000000093e-03 3.932697512993330147e+00
1.897000000000000032e-03 4.329717412763329776e+00
-4.727000000000000299e-03 3.531499054073329980e+00
7.223000000000000254e-03 4.171942512845830286e+00
-3.020000000000000223e-04 3.477675110559169891e+00
4.534999999999999969e-03 4.196252185907500376e+00
-1.250999999999999942e-03 3.795196248818749840e+00
