7.394000000000000399e-03 2.892300137293330131e+00
-3.703999999999999827e-03 3.001973113065830034e+00
-4.229999999999999819e-04 2.808643797939999853e+00
3.033000000000000106e-03 2.589181852388330096e+00
1.495999999999999934e-03 2.602766760828330028e+00
4.052000000000000046e-03 3.085624397627499960e+00
-5.906999999999999924e-03 2.536010068907919912e+00
-3.229999999999999907e-04 3.023647238655000180e+00
-3.919999999999999873e-03 2.689340842610420168e+00
-2.612999999999999871e-03 2.972576940943330026e+00
-1.435999999999999993e-03 3.247816749922499913e+00
2.353000000000000057e-03 2.645093309750000010e+00
