-6.544999999999999603e-03 2.861578711234169958e+00
5.091000000000000039e-03 3.666104361145829937e+00
7.092000000000000214e-03 2.883400558382500201e+00
9.770000000000000039e-04 2.952689113646670194e+00
8.700000000000000051e-05 3.506392218752500067e+00
8.159999999999999936e-04 3.806315235661669849e+00
-6.631999999999999874e-03 3.495623166204170129e+00
9.899999999999999404e-05 3.531499054073329980e+00
6.799999999999999946e-05 3.776588480504170064e+00
-1.340999999999999961e-03 2.607826392740829835e+00
-1.079000000000000098e-03 4.007227840135420216e+00
1.366999999999999943e-03 3.592552239576670026e+00
