6.559999999999999859e-03 4.352882823775000354e+00
1.373000000000000088e-03 2.885840342499169875e+00
-2.838999999999999944e-03 3.422678836278330028e+00
1.333999999999999899e-03 3.644814572479170067e+00
7.739999999999999485e-04 3.251443298889999944e+00
-8.999999999999999754e-04 3.346187224156670137e+00
1.016099999999999989e-02 3.646319843685000173e+00
-3.759999999999999887e-03 3.333589427757500001e+00
-1.327999999999999970e-03 3.630449961232499856e+00
-3.770000000000000022e-04 3.291367351920829964e+00
-1.129999999999999928e-02 3.531499054073329980e+00
3.009999999999999980e-04 3.210370848814580125e+00
