6.559999999999999859e-03 3.363087635547500120e+00
1.373000000000000088e-03 2.633600530389999861e+00
-2.838999999999999944e-03 3.173370239693329875e+00
1.333999999999999899e-03 2.885840342499169875e+00
7.739999999999999485e-04 2.991204699891670149e+00
-8.999999999999999754e-04 2.649287264275829834e+00
1.016099999999999989e-02 2.725757177794999819e+00
-3.759999999999999887e-03 2.626259204186669916e+00
-1.327999999999999970e-03 2.974168984337500099e+00
-3.770000000000000022e-04 2.380319232107499960e+00
-1.129999999999999928e-02 2.388292510494169907e+00
3.009999999999999980e-04 3.117178811457499865e+00
