-1.905999999999999925e-03 3.015176532494169948e+00
1.871999999999999966e-03 2.633600530389999861e+00
1.610000000000000103e-03 2.672968507864169840e+00
-2.769000000000000194e-03 3.257677341010829952e+00
-9.299999999999999727e-05 3.097709143024999889e+00
-2.004000000000000139e-03 2.920692407705829829e+00
-2.753999999999999938e-03 3.067902501211670074e+00
-4.945999999999999876e-03 3.531499054073329980e+00
2.121000000000000055e-03 3.110932790737499953e+00
-5.599999999999999916e-05 3.091088901733329841e+00
1.791999999999999973e-03 2.475586401600000208e+00
7.132999999999999584e-03 2.474262205700000106e+00
