3.400999999999999943e-03 3.585468473592499983e+00
-1.149000000000000065e-03 3.288397554711670168e+00
-5.341000000000000261e-03 3.422678836278330028e+00
1.260999999999999968e-03 2.808643797939999853e+00
-2.956999999999999993e-03 3.807950787064999787e+00
-9.759999999999999796e-04 3.159909139493750185e+00
9.480999999999999844e-03 2.463280187130830079e+00
5.000000000000000104e-04 3.091088901733329841e+00
2.616999999999999969e-03 3.482246535817500099e+00
1.273999999999999959e-03 2.607826392740829835e+00
-1.446999999999999936e-03 2.475586401600000208e+00
-6.662000000000000387e-03 2.887873083694170173e+00
