1.359999999999999989e-04 3.844232197199170198e+00
-1.991999999999999847e-03 3.100652486853329837e+00
2.733999999999999885e-03 3.422678836278330028e+00
-2.199000000000000000e-03 3.511233145875829909e+00
-1.160000000000000007e-04 3.617742732074999967e+00
-2.527000000000000166e-03 3.159909139493750185e+00
-1.466000000000000072e-03 4.329717412763329776e+00
2.054999999999999969e-03 3.448449969940829973e+00
1.698000000000000074e-03 4.171942512845830286e+00
-5.490000000000000088e-03 4.242891652345000431e+00
5.563000000000000236e-03 3.880491689511670117e+00
1.603999999999999957e-03 3.592552239576670026e+00
