1.359999999999999989e-04 3.321491868097500078e+00
-1.991999999999999847e-03 4.842829507199169825e+00
2.733999999999999885e-03 4.651939184517500436e+00
-2.199000000000000000e-03 3.383480405599999852e+00
-1.160000000000000007e-04 4.648551074379169812e+00
-2.527000000000000166e-03 4.934132741699169600e+00
-1.466000000000000072e-03 3.585468473592499983e+00
2.054999999999999969e-03 4.350983571194169564e+00
1.698000000000000074e-03 4.224937197377079734e+00
-5.490000000000000088e-03 3.091088901733329841e+00
5.563000000000000236e-03 4.482065284311669728e+00
1.603999999999999957e-03 4.315964562833330298e+00
