-2.808999999999999865e-03 2.753895383479170178e+00
7.530000000000000235e-03 3.198459249767500179e+00
-2.739000000000000115e-03 2.672968507864169840e+00
-3.961000000000000111e-03 3.110932790737499953e+00
-2.699999999999999899e-05 2.848232117060829793e+00
3.530000000000000152e-03 2.480167664599170152e+00
-2.217999999999999920e-03 2.885840342499169875e+00
-2.207999999999999893e-03 2.885840342499169875e+00
8.199999999999999824e-04 3.013554336649169940e+00
1.007000000000000083e-03 2.718454609123329924e+00
3.611000000000000060e-03 2.952351001563330080e+00
-2.534999999999999927e-03 3.136782875271669990e+00
