-1.547999999999999897e-03 2.782491664247499941e+00
4.310000000000000137e-04 3.001973113065830034e+00
5.117000000000000021e-03 2.819612428781669955e+00
-8.744999999999999302e-03 2.898798900257499866e+00
1.423000000000000003e-03 2.626259204186669916e+00
4.089999999999999886e-03 2.549201570745830203e+00
-4.290000000000000410e-03 2.362386496003329839e+00
-2.311000000000000120e-03 2.469047581367500133e+00
2.961000000000000090e-03 3.064782091047499879e+00
-3.446999999999999977e-03 2.972576940943330026e+00
5.455999999999999912e-03 2.626830755832500142e+00
8.630000000000000518e-04 2.632013715937500109e+00
