-1.547999999999999897e-03 3.393632644129170206e+00
4.310000000000000137e-04 3.288397554711670168e+00
5.117000000000000021e-03 3.226828308546669799e+00
-8.744999999999999302e-03 3.328340723216249852e+00
1.423000000000000003e-03 3.380474998865000025e+00
4.089999999999999886e-03 3.292149090651669940e+00
-4.290000000000000410e-03 2.820009563544580100e+00
-2.311000000000000120e-03 2.887873083694170173e+00
2.961000000000000090e-03 3.198459249767500179e+00
-3.446999999999999977e-03 3.091088901733329841e+00
5.455999999999999912e-03 2.978133857925000072e+00
8.630000000000000518e-04 2.999914926195000220e+00
