2.044999999999999943e-03 2.912275816651670013e+00
-6.189999999999999756e-04 2.765161098790000160e+00
-4.145000000000000247e-03 2.933572266770830161e+00
-2.327000000000000075e-03 3.110932790737499953e+00
-2.181999999999999912e-03 2.848232117060829793e+00
5.250999999999999591e-03 2.920692407705829829e+00
-7.089999999999999948e-04 2.961506094162499991e+00
1.030000000000000100e-03 2.626259204186669916e+00
-9.640000000000000131e-04 3.013554336649169940e+00
1.747999999999999988e-03 2.878675966484169901e+00
4.342999999999999639e-03 2.788383731072499927e+00
-3.469999999999999994e-03 2.689221729744169842e+00
