2.044999999999999943e-03 2.753895383479170178e+00
-6.189999999999999756e-04 2.474262205700000106e+00
-4.145000000000000247e-03 2.933572266770830161e+00
-2.327000000000000075e-03 3.110932790737499953e+00
-2.181999999999999912e-03 2.848232117060829793e+00
5.250999999999999591e-03 2.920692407705829829e+00
-7.089999999999999948e-04 2.781334037115830160e+00
1.030000000000000100e-03 2.797186331386670055e+00
-9.640000000000000131e-04 3.013554336649169940e+00
1.747999999999999988e-03 3.091088901733329841e+00
4.342999999999999639e-03 2.788383731072499927e+00
-3.469999999999999994e-03 2.887873083694170173e+00
