-3.281000000000000062e-03 2.401045101412920157e+00
8.720000000000000320e-03 3.211797719045000221e+00
2.471000000000000106e-03 2.812717780503330101e+00
-6.564000000000000390e-03 2.716931827197500038e+00
6.812000000000000347e-03 2.663617178879170044e+00
4.741000000000000422e-03 2.715740096894999844e+00
-6.700000000000000226e-04 2.737806340365830149e+00
5.846999999999999767e-03 2.885840342499169875e+00
8.959999999999999866e-04 2.308312228881669981e+00
-2.342800000000000091e-02 2.689221729744169842e+00
1.559000000000000056e-03 2.771066575876670157e+00
2.895000000000000004e-03 2.947761768244169911e+00
