-3.281000000000000062e-03 2.805458122582499936e+00
8.720000000000000320e-03 3.046102442611669847e+00
2.471000000000000106e-03 2.504262895503329922e+00
-6.564000000000000390e-03 3.063190989340829784e+00
6.812000000000000347e-03 2.403265557742079839e+00
4.741000000000000422e-03 3.020744462050830137e+00
-6.700000000000000226e-04 2.841483445079170167e+00
5.846999999999999767e-03 2.873458186348329946e+00
8.959999999999999866e-04 2.805458122582499936e+00
-2.342800000000000091e-02 2.669900500290829815e+00
1.559000000000000056e-03 2.986731498590830203e+00
2.895000000000000004e-03 3.274583333304999844e+00
