-3.281000000000000062e-03 2.498834927969999953e+00
8.720000000000000320e-03 2.720265893302499904e+00
2.471000000000000106e-03 2.524562856100830199e+00
-6.564000000000000390e-03 2.663647960732499875e+00
6.812000000000000347e-03 2.644509395526669859e+00
4.741000000000000422e-03 2.743387412900830213e+00
-6.700000000000000226e-04 2.499799178982919923e+00
5.846999999999999767e-03 2.596736400036669945e+00
8.959999999999999866e-04 2.570450600316669831e+00
-2.342800000000000091e-02 2.469334480261669906e+00
1.559000000000000056e-03 2.533588103396669844e+00
2.895000000000000004e-03 2.628797836702499779e+00
