-3.281000000000000062e-03 2.485565274278330072e+00
8.720000000000000320e-03 2.700992399529170029e+00
2.471000000000000106e-03 2.511270161964170189e+00
-6.564000000000000390e-03 2.454628481757500147e+00
6.812000000000000347e-03 2.588568130195830097e+00
4.741000000000000422e-03 2.589181852388330096e+00
-6.700000000000000226e-04 2.553495507029170053e+00
5.846999999999999767e-03 2.475322736164999871e+00
8.959999999999999866e-04 2.499396536429169924e+00
-2.342800000000000091e-02 2.507794758562500004e+00
1.559000000000000056e-03 2.521293151842499913e+00
2.895000000000000004e-03 2.541218943610000114e+00
