-1.412000000000000061e-03 2.861578711234169958e+00
-1.614999999999999899e-03 2.633600530389999861e+00
-1.137999999999999906e-03 2.672968507864169840e+00
-6.440000000000000412e-04 3.257677341010829952e+00
1.159000000000000091e-03 2.711261192726670100e+00
8.850000000000000444e-04 2.920692407705829829e+00
-1.399999999999999877e-04 2.463280187130830079e+00
4.979999999999999618e-04 2.429781636614170015e+00
-8.869999999999999846e-04 2.887873083694170173e+00
1.449999999999999900e-03 2.878675966484169901e+00
1.714999999999999945e-03 2.475586401600000208e+00
1.299999999999999886e-04 3.069846176671669813e+00
