1.984999999999999785e-03 2.861578711234169958e+00
-1.804000000000000048e-03 2.512724427256670001e+00
2.318999999999999881e-03 2.744563651770000057e+00
2.445000000000000125e-03 2.626830755832500142e+00
-1.301999999999999989e-03 2.808643797939999853e+00
-7.964999999999999858e-03 2.730196924509169953e+00
1.022200000000000018e-02 3.118169833826669901e+00
-5.309000000000000351e-03 2.887873083694170173e+00
-3.996999999999999685e-03 2.631649450670829893e+00
8.840999999999999900e-03 2.775401040593330038e+00
-6.670999999999999847e-03 2.388292510494169907e+00
1.235999999999999903e-03 2.689221729744169842e+00
