1.984999999999999785e-03 3.365551577681670015e+00
-1.804000000000000048e-03 2.697573116506669866e+00
2.318999999999999881e-03 2.589181852388330096e+00
2.445000000000000125e-03 2.893974443041670064e+00
-1.301999999999999989e-03 3.097709143024999889e+00
-7.964999999999999858e-03 2.425596231700830163e+00
1.022200000000000018e-02 2.961506094162499991e+00
-5.309000000000000351e-03 2.891304826354169855e+00
-3.996999999999999685e-03 2.824809002722500129e+00
8.840999999999999900e-03 3.156252686062499979e+00
-6.670999999999999847e-03 2.423662764087500143e+00
1.235999999999999903e-03 2.999914926195000220e+00
