1.984999999999999785e-03 2.777735064395829845e+00
-1.804000000000000048e-03 2.542129123595000095e+00
2.318999999999999881e-03 2.411087855819999959e+00
2.445000000000000125e-03 2.593750356928330003e+00
-1.301999999999999989e-03 2.626259204186669916e+00
-7.964999999999999858e-03 2.425596231700830163e+00
1.022200000000000018e-02 2.629654001907499872e+00
-5.309000000000000351e-03 2.710566246439169991e+00
-3.996999999999999685e-03 3.063190989340829784e+00
8.840999999999999900e-03 3.008962723169169795e+00
-6.670999999999999847e-03 2.641414304518329814e+00
1.235999999999999903e-03 2.604552662213329928e+00
