4.402999999999999796e-03 3.455872847469169784e+00
-3.305000000000000212e-03 2.633600530389999861e+00
-5.929000000000000242e-03 3.422678836278330028e+00
7.767999999999999731e-03 3.511233145875829909e+00
-7.410000000000000137e-04 3.380474998865000025e+00
-4.635000000000000231e-03 3.159909139493750185e+00
3.353000000000000078e-03 3.067902501211670074e+00
-3.612000000000000193e-03 3.802975839610000186e+00
1.978999999999999856e-03 3.312606816262499976e+00
7.344999999999999966e-03 3.091088901733329841e+00
-5.020000000000000157e-03 2.475586401600000208e+00
-1.608000000000000054e-03 3.477675110559169891e+00
