-4.244000000000000376e-03 2.704317027463329914e+00
3.807000000000000054e-03 2.474262205700000106e+00
2.007000000000000103e-03 2.589181852388330096e+00
-7.540000000000000044e-04 2.673386568951670039e+00
-4.098000000000000080e-03 2.711261192726670100e+00
4.760000000000000342e-03 2.808643797939999853e+00
-2.566999999999999837e-03 2.629654001907499872e+00
-8.199999999999999824e-04 2.860531375925829956e+00
4.061999999999999639e-03 2.768565300648750060e+00
-3.139999999999999888e-04 2.607826392740829835e+00
-5.829999999999999679e-04 2.423662764087500143e+00
-1.255999999999999955e-03 2.546066821140830161e+00
