-4.290999999999999676e-03 2.654003626677500005e+00
1.440000000000000091e-03 3.288397554711670168e+00
-5.900000000000000296e-04 2.883400558382500201e+00
-8.980000000000000352e-04 2.808643797939999853e+00
4.871000000000000330e-03 2.711261192726670100e+00
-1.291999999999999963e-03 2.649287264275829834e+00
-1.526999999999999929e-03 2.232839864690829845e+00
2.387999999999999932e-03 3.448449969940829973e+00
1.291999999999999963e-03 2.887873083694170173e+00
-1.242000000000000048e-03 3.091088901733329841e+00
-4.429999999999999802e-04 3.064782091047499879e+00
2.919999999999999961e-04 2.887873083694170173e+00
