4.066000000000000170e-03 3.246110927219170161e+00
-8.379999999999999862e-04 3.347122621728749969e+00
-5.510000000000000141e-03 2.589181852388330096e+00
1.882999999999999908e-03 2.952689113646670194e+00
8.800000000000000313e-04 3.016202241574169829e+00
-4.193999999999999811e-03 3.346187224156670137e+00
4.749999999999999990e-04 3.133085635572499861e+00
-4.030999999999999861e-03 3.835162119193329833e+00
8.450000000000000479e-04 3.909846210603329819e+00
4.324999999999999852e-03 3.477675110559169891e+00
8.509999999999999769e-04 3.721864029499169835e+00
1.245999999999999929e-03 2.887873083694170173e+00
