4.066000000000000170e-03 2.654003626677500005e+00
-8.379999999999999862e-04 2.885840342499169875e+00
-5.510000000000000141e-03 3.513360760031670083e+00
1.882999999999999908e-03 3.383480405599999852e+00
8.800000000000000313e-04 3.380474998865000025e+00
-4.193999999999999811e-03 2.920692407705829829e+00
4.749999999999999990e-04 3.067902501211670074e+00
-4.030999999999999861e-03 3.215854378122500190e+00
8.450000000000000479e-04 3.312606816262499976e+00
4.324999999999999852e-03 3.477675110559169891e+00
8.509999999999999769e-04 3.645774654929999858e+00
1.245999999999999929e-03 3.069846176671669813e+00
