-4.558000000000000419e-03 2.568261339060830206e+00
1.430999999999999980e-03 2.633600530389999861e+00
1.745999999999999939e-03 2.883400558382500201e+00
1.231000000000000106e-03 2.885840342499169875e+00
6.329000000000000424e-03 2.711261192726670100e+00
-5.538000000000000388e-03 2.920692407705829829e+00
-5.941000000000000100e-03 3.067902501211670074e+00
9.840000000000000656e-04 2.885840342499169875e+00
1.579000000000000108e-03 2.469620678989170148e+00
-5.544000000000000317e-03 2.878675966484169901e+00
3.317000000000000070e-03 2.952351001563330080e+00
4.963999999999999663e-03 2.474262205700000106e+00
