-9.280000000000000054e-04 2.603649359371670080e+00
-9.079999999999999530e-04 2.633600530389999861e+00
-1.830000000000000029e-03 2.933572266770830161e+00
-1.136000000000000074e-03 2.898798900257499866e+00
-5.300000000000000078e-05 2.874774386328330156e+00
-3.249999999999999851e-04 2.761840708034999814e+00
-1.595000000000000064e-03 2.673386568951670039e+00
2.013000000000000032e-03 2.885840342499169875e+00
6.049999999999999606e-04 2.974168984337500099e+00
6.909999999999999910e-04 2.934857571999169856e+00
-1.007000000000000083e-03 2.920692407705829829e+00
4.472000000000000280e-03 3.278675824362499824e+00
