4.138000000000000185e-03 3.321491868097500078e+00
-2.560999999999999908e-03 3.288397554711670168e+00
-4.760000000000000234e-04 2.672968507864169840e+00
4.091000000000000018e-03 3.511233145875829909e+00
-3.327999999999999795e-03 2.910003366371670008e+00
6.319999999999999663e-04 2.920692407705829829e+00
3.576000000000000185e-03 2.673386568951670039e+00
2.820000000000000241e-04 3.091088901733329841e+00
-3.485999999999999949e-03 3.110932790737499953e+00
-2.014000000000000165e-03 3.091088901733329841e+00
-3.232000000000000064e-03 3.064782091047499879e+00
2.377000000000000206e-03 2.887873083694170173e+00
