-5.543000000000000184e-03 3.075807392283330000e+00
1.988999999999999883e-03 2.430726634215830018e+00
-4.710000000000000102e-04 3.257677341010829952e+00
3.989999999999999949e-04 3.449778895975830206e+00
1.943000000000000066e-03 3.449778895975830206e+00
-9.330000000000000186e-04 3.091088901733329841e+00
6.849999999999999535e-04 3.310803478648329801e+00
-5.140000000000000254e-04 3.057613053414999893e+00
1.915999999999999951e-03 3.198459249767500179e+00
-6.755999999999999853e-03 3.188253416951670083e+00
3.395000000000000014e-03 2.952351001563330080e+00
3.889999999999999795e-03 3.413696111180000159e+00
