-5.543000000000000184e-03 3.104766263432499951e+00
1.988999999999999883e-03 2.559527934735830179e+00
-4.710000000000000102e-04 3.115562594936669871e+00
3.989999999999999949e-04 3.069846176671669813e+00
1.943000000000000066e-03 2.663617178879170044e+00
-9.330000000000000186e-04 3.038116324811670044e+00
6.849999999999999535e-04 2.928909497554999852e+00
-5.140000000000000254e-04 3.006212938473329821e+00
1.915999999999999951e-03 3.198459249767500179e+00
-6.755999999999999853e-03 2.972576940943330026e+00
3.395000000000000014e-03 2.952351001563330080e+00
3.889999999999999795e-03 2.942225368186670131e+00
