-8.621999999999999456e-03 2.654003626677500005e+00
-5.109999999999999525e-04 2.633600530389999861e+00
2.245000000000000034e-03 3.036585112575830081e+00
5.310000000000000050e-04 2.952689113646670194e+00
2.809999999999999998e-04 2.243391379300000210e+00
3.275999999999999832e-03 2.649287264275829834e+00
-1.097000000000000102e-03 2.885840342499169875e+00
-1.451000000000000033e-03 2.797186331386670055e+00
-1.587000000000000086e-03 2.631649450670829893e+00
5.598999999999999810e-03 3.091088901733329841e+00
1.735999999999999913e-03 2.678153099920829838e+00
-4.009999999999999893e-04 2.808643797939999853e+00
