-8.621999999999999456e-03 3.015176532494169948e+00
-5.109999999999999525e-04 2.311288980515000091e+00
2.245000000000000034e-03 3.310803478648329801e+00
5.310000000000000050e-04 3.257677341010829952e+00
2.809999999999999998e-04 2.910003366371670008e+00
3.275999999999999832e-03 3.346187224156670137e+00
-1.097000000000000102e-03 3.210439496352500033e+00
-1.451000000000000033e-03 3.091088901733329841e+00
-1.587000000000000086e-03 2.631649450670829893e+00
5.598999999999999810e-03 3.291367351920829964e+00
1.735999999999999913e-03 2.475586401600000208e+00
-4.009999999999999893e-04 2.689221729744169842e+00
