-1.557000000000000007e-03 2.312266639981670036e+00
1.350999999999999987e-03 2.961506094162499991e+00
4.949000000000000274e-03 2.754127456361669779e+00
-3.285999999999999859e-03 2.287867576024170013e+00
3.462999999999999932e-03 2.605151127429170099e+00
4.719999999999999803e-04 2.599744361154169958e+00
-8.267999999999999308e-03 2.271399883256670194e+00
-4.279999999999999950e-04 2.462163937670830194e+00
2.749000000000000141e-03 2.961834957655829825e+00
-4.588000000000000064e-03 2.607826392740829835e+00
2.331000000000000173e-03 2.638046463695829846e+00
2.814000000000000095e-03 2.583927597875829818e+00
