-8.479999999999999691e-03 2.654003626677500005e+00
8.919999999999999978e-04 2.474262205700000106e+00
-3.726999999999999844e-03 2.589181852388330096e+00
6.880000000000000265e-04 2.808643797939999853e+00
-9.579999999999999757e-04 2.496194736433329897e+00
4.500000000000000283e-05 2.480167664599170152e+00
8.559000000000000635e-03 2.319846410246670043e+00
-5.270000000000000162e-04 2.885840342499169875e+00
6.413000000000000297e-03 2.631649450670829893e+00
-2.962999999999999922e-03 2.878675966484169901e+00
1.642999999999999929e-03 2.885840342499169875e+00
-1.585000000000000037e-03 2.689221729744169842e+00
