6.026000000000000106e-03 3.169671990200829903e+00
7.950000000000000252e-04 2.311288980515000091e+00
1.632999999999999903e-03 3.173370239693329875e+00
-5.000000000000000104e-03 2.423017778335830208e+00
2.429999999999999977e-04 2.496194736433329897e+00
3.420000000000000188e-04 2.649287264275829834e+00
-1.884000000000000041e-03 2.232839864690829845e+00
3.600000000000000091e-05 2.429781636614170015e+00
-2.589999999999999854e-03 2.631649450670829893e+00
3.319999999999999926e-04 2.607826392740829835e+00
-3.422000000000000128e-03 2.885840342499169875e+00
3.488999999999999914e-03 3.210370848814580125e+00
