2.586999999999999890e-03 2.701809794649169927e+00
-1.438000000000000042e-03 2.633600530389999861e+00
1.167000000000000069e-03 2.501084702033330220e+00
-1.507000000000000093e-03 2.885840342499169875e+00
6.074999999999999671e-03 2.451987908392499804e+00
-1.601999999999999908e-03 2.317647794300830011e+00
-2.580999999999999961e-03 2.463280187130830079e+00
8.080000000000000160e-04 2.579932703469169919e+00
-4.426000000000000247e-03 2.409311005823330021e+00
9.049999999999999885e-04 2.475586401600000208e+00
-1.376999999999999969e-03 2.550404401718330050e+00
1.389999999999999960e-03 2.554904060585830194e+00
