2.586999999999999890e-03 2.610902205648330199e+00
-1.438000000000000042e-03 2.447809453425830117e+00
1.167000000000000069e-03 2.341030673260830142e+00
-1.507000000000000093e-03 2.581089483823329811e+00
6.074999999999999671e-03 2.590851740875829812e+00
-1.601999999999999908e-03 2.565269012828330197e+00
-2.580999999999999961e-03 2.349224565062080217e+00
8.080000000000000160e-04 2.316016078881669937e+00
-4.426000000000000247e-03 2.529878843666669930e+00
9.049999999999999885e-04 2.665658757319170125e+00
-1.376999999999999969e-03 2.417841531781669939e+00
1.389999999999999960e-03 2.304603030770000061e+00
