2.586999999999999890e-03 2.776330554099999848e+00
-1.438000000000000042e-03 2.447809453425830117e+00
1.167000000000000069e-03 2.549951353434170009e+00
-1.507000000000000093e-03 2.873886399372500122e+00
6.074999999999999671e-03 2.566264519631670016e+00
-1.601999999999999908e-03 2.864369202982500084e+00
-2.580999999999999961e-03 2.810196132564999782e+00
8.080000000000000160e-04 2.484607563414169995e+00
-4.426000000000000247e-03 2.803252493655830069e+00
9.049999999999999885e-04 2.925638431127500105e+00
-1.376999999999999969e-03 2.362386496003329839e+00
1.389999999999999960e-03 2.304603030770000061e+00
