-1.415999999999999941e-03 3.015176532494169948e+00
-1.677000000000000105e-03 2.311288980515000091e+00
1.575000000000000011e-03 3.422678836278330028e+00
-3.207999999999999914e-03 2.952689113646670194e+00
6.260000000000000373e-04 3.380474998865000025e+00
-3.919999999999999873e-03 3.526920076280830152e+00
1.240000000000000000e-03 3.495623166204170129e+00
8.350000000000000217e-04 3.333589427757500001e+00
3.252999999999999815e-03 3.312606816262499976e+00
-1.807000000000000012e-03 3.091088901733329841e+00
4.107999999999999673e-03 3.323327811357500217e+00
3.899999999999999929e-04 3.210370848814580125e+00
