-1.604999999999999830e-02 2.568261339060830206e+00
4.498000000000000262e-03 2.696385052234170132e+00
-1.016999999999999892e-03 2.377425097835829781e+00
-6.400000000000000524e-04 2.507884720399169876e+00
-1.093700000000000054e-02 2.403265557742079839e+00
2.438000000000000063e-03 2.852441151698330124e+00
-1.033599999999999970e-02 2.536010068907919912e+00
-6.321000000000000230e-03 2.484607563414169995e+00
-1.170999999999999992e-02 2.543067248671670111e+00
3.341700000000000226e-02 2.352914665270000150e+00
1.522100000000000015e-02 2.577307773282500047e+00
1.436999999999999909e-03 2.525956300646249986e+00
