-1.604999999999999830e-02 2.697573116506669866e+00
4.498000000000000262e-03 2.696385052234170132e+00
-1.016999999999999892e-03 2.377425097835829781e+00
-6.400000000000000524e-04 2.459877182859170119e+00
-1.093700000000000054e-02 2.403265557742079839e+00
2.438000000000000063e-03 2.745468116239170087e+00
-1.033599999999999970e-02 2.463280187130830079e+00
-6.321000000000000230e-03 2.747689025101669902e+00
-1.170999999999999992e-02 2.569042594450829942e+00
3.341700000000000226e-02 2.352914665270000150e+00
1.522100000000000015e-02 2.640576098550829975e+00
1.436999999999999909e-03 2.409116424087499819e+00
