-1.604999999999999830e-02 2.452747889534999892e+00
4.498000000000000262e-03 3.506392218752500067e+00
-1.016999999999999892e-03 3.240785446584169893e+00
-6.400000000000000524e-04 2.808643797939999853e+00
-1.093700000000000054e-02 3.097709143024999889e+00
2.438000000000000063e-03 2.808643797939999853e+00
-1.033599999999999970e-02 3.133085635572499861e+00
-6.321000000000000230e-03 3.140546084757500189e+00
-1.170999999999999992e-02 2.768565300648750060e+00
3.341700000000000226e-02 2.607826392740829835e+00
1.522100000000000015e-02 2.603649359371670080e+00
1.436999999999999909e-03 3.210370848814580125e+00
