-1.604999999999999830e-02 3.093129878573329883e+00
4.498000000000000262e-03 2.633600530389999861e+00
-1.016999999999999892e-03 2.320471667837499918e+00
-6.400000000000000524e-04 2.885840342499169875e+00
-1.093700000000000054e-02 2.848232117060829793e+00
2.438000000000000063e-03 2.808643797939999853e+00
-1.033599999999999970e-02 2.781334037115830160e+00
-6.321000000000000230e-03 2.626259204186669916e+00
-1.170999999999999992e-02 3.110932790737499953e+00
3.341700000000000226e-02 3.091088901733329841e+00
1.522100000000000015e-02 2.678153099920829838e+00
1.436999999999999909e-03 3.333589427757500001e+00
