6.399999999999999710e-05 3.015176532494169948e+00
3.899999999999999929e-05 3.288397554711670168e+00
-3.499999999999999964e-04 3.422678836278330028e+00
-4.497000000000000129e-03 3.110932790737499953e+00
1.685999999999999999e-03 3.097709143024999889e+00
1.793000000000000106e-03 3.159909139493750185e+00
2.997000000000000098e-03 3.067902501211670074e+00
-9.579999999999999757e-04 3.215854378122500190e+00
1.417000000000000074e-03 2.631649450670829893e+00
-3.640000000000000115e-04 2.289589200871669838e+00
-1.759999999999999954e-04 2.885840342499169875e+00
-1.650999999999999907e-03 2.689221729744169842e+00
