-3.255000000000000081e-03 2.654003626677500005e+00
9.879999999999999460e-04 2.311288980515000091e+00
-4.650000000000000270e-04 3.036585112575830081e+00
-4.203000000000000139e-03 2.696385052234170132e+00
-6.666000000000000050e-03 2.848232117060829793e+00
5.416999999999999940e-03 3.455872847469169784e+00
-6.333000000000000088e-03 3.133085635572499861e+00
-1.230000000000000082e-04 3.140546084757500189e+00
5.749999999999999903e-03 3.482246535817500099e+00
1.513999999999999938e-03 2.972576940943330026e+00
3.823000000000000009e-03 3.113367012274169898e+00
3.553000000000000169e-03 2.689221729744169842e+00
