2.977000000000000045e-03 3.321491868097500078e+00
-6.299999999999999990e-05 3.432888597416670073e+00
-9.370000000000000074e-04 2.232839864690829845e+00
3.693999999999999801e-03 3.110932790737499953e+00
3.170000000000000075e-04 3.097709143024999889e+00
-5.411000000000000011e-03 2.920692407705829829e+00
5.651999999999999906e-03 2.673386568951670039e+00
-2.818999999999999891e-03 2.797186331386670055e+00
-7.152999999999999636e-03 2.887873083694170173e+00
2.959999999999999958e-03 2.607826392740829835e+00
6.859999999999999779e-04 2.885840342499169875e+00
9.799999999999999684e-05 2.689221729744169842e+00
