9.920000000000000432e-04 2.704317027463329914e+00
1.113999999999999973e-03 3.366600399103329977e+00
1.998999999999999909e-03 3.799470738018329907e+00
-4.372000000000000018e-03 2.898798900257499866e+00
2.161999999999999859e-03 3.150020798794169963e+00
-4.600000000000000004e-05 3.069072470875830128e+00
-7.210000000000000263e-03 3.142157780110829801e+00
2.036000000000000049e-03 3.917830932444169800e+00
2.066999999999999827e-03 2.887873083694170173e+00
-3.844999999999999894e-03 3.013554336649169940e+00
1.958000000000000105e-03 3.502225060107500010e+00
3.144999999999999792e-03 2.604552662213329928e+00
