9.920000000000000432e-04 3.455872847469169784e+00
1.113999999999999973e-03 3.100652486853329837e+00
1.998999999999999909e-03 3.100652486853329837e+00
-4.372000000000000018e-03 2.423017778335830208e+00
2.161999999999999859e-03 3.016202241574169829e+00
-4.600000000000000004e-05 2.317647794300830011e+00
-7.210000000000000263e-03 2.673386568951670039e+00
2.036000000000000049e-03 2.934541733082919990e+00
2.066999999999999827e-03 3.110932790737499953e+00
-3.844999999999999894e-03 3.477675110559169891e+00
1.958000000000000105e-03 3.676949640907499983e+00
3.144999999999999792e-03 3.136782875271669990e+00
