5.140000000000000254e-04 3.455872847469169784e+00
-3.952999999999999917e-03 2.474262205700000106e+00
2.049999999999999956e-04 2.589181852388330096e+00
3.614000000000000025e-03 2.696385052234170132e+00
-6.381999999999999652e-03 3.016202241574169829e+00
-3.989000000000000358e-03 2.920692407705829829e+00
7.861999999999999197e-03 2.319846410246670043e+00
-4.121999999999999796e-03 3.140546084757500189e+00
3.493000000000000011e-03 2.768565300648750060e+00
8.208999999999999284e-03 3.091088901733329841e+00
6.629999999999999609e-04 3.323327811357500217e+00
-6.113999999999999643e-03 2.604552662213329928e+00
