-5.819000000000000387e-03 3.455872847469169784e+00
2.641999999999999817e-03 3.554459934575830093e+00
-1.342000000000000094e-03 3.240785446584169893e+00
-6.159000000000000412e-03 2.952689113646670194e+00
4.011999999999999941e-03 3.097709143024999889e+00
4.797000000000000049e-03 3.346187224156670137e+00
-3.155999999999999951e-03 3.346187224156670137e+00
1.059999999999999961e-03 2.626259204186669916e+00
6.668999999999999581e-03 3.630449961232499856e+00
-8.097000000000000031e-03 2.878675966484169901e+00
3.197000000000000189e-03 3.531499054073329980e+00
2.197000000000000168e-03 3.288397554711670168e+00
