-2.624000000000000030e-03 2.498834927969999953e+00
2.610000000000000015e-04 2.697573116506669866e+00
2.745000000000000044e-03 2.911144967398330063e+00
-8.748000000000000567e-03 2.593750356928330003e+00
-1.413999999999999892e-03 2.788383731072499927e+00
-2.509999999999999753e-04 2.858273230285830024e+00
2.240999999999999936e-03 2.746812194639169924e+00
5.386000000000000162e-03 2.797186331386670055e+00
6.335000000000000353e-03 3.013554336649169940e+00
-5.315000000000000280e-03 2.942225368186670131e+00
1.598999999999999944e-03 3.097496116329169880e+00
-2.149999999999999947e-04 3.142557359485000035e+00
