-2.624000000000000030e-03 3.585468473592499983e+00
2.610000000000000015e-04 3.554459934575830093e+00
2.745000000000000044e-03 2.466548709025830011e+00
-8.748000000000000567e-03 2.808643797939999853e+00
-1.413999999999999892e-03 3.097709143024999889e+00
-2.509999999999999753e-04 2.920692407705829829e+00
2.240999999999999936e-03 3.346187224156670137e+00
5.386000000000000162e-03 2.429781636614170015e+00
6.335000000000000353e-03 2.308312228881669981e+00
-5.315000000000000280e-03 2.878675966484169901e+00
1.598999999999999944e-03 2.885840342499169875e+00
-2.149999999999999947e-04 2.474262205700000106e+00
