5.670000000000000127e-04 3.321491868097500078e+00
3.559999999999999797e-04 2.633600530389999861e+00
-2.455000000000000151e-03 3.173370239693329875e+00
-4.322000000000000321e-03 3.257677341010829952e+00
6.319999999999999663e-04 2.848232117060829793e+00
-1.663999999999999898e-03 2.480167664599170152e+00
-1.459000000000000010e-03 3.210439496352500033e+00
3.569999999999999823e-03 3.286509243044169803e+00
1.167999999999999984e-03 2.768565300648750060e+00
1.642000000000000013e-03 3.477675110559169891e+00
-6.299999999999999990e-05 2.952351001563330080e+00
2.030000000000000120e-03 3.333589427757500001e+00
