-9.799999999999999684e-05 2.861578711234169958e+00
-2.491999999999999858e-03 2.885840342499169875e+00
1.366000000000000027e-03 2.961506094162499991e+00
1.819000000000000087e-03 2.731528313290830123e+00
1.554999999999999959e-03 3.155022974242499778e+00
2.320000000000000014e-04 2.761840708034999814e+00
-2.300000000000000070e-04 2.536010068907919912e+00
8.409999999999999507e-04 3.006212938473329821e+00
-1.013000000000000012e-03 2.887873083694170173e+00
-3.098000000000000059e-03 3.020744462050830137e+00
-6.999999999999999895e-06 2.678153099920829838e+00
1.123999999999999999e-03 2.887873083694170173e+00
