2.735000000000000018e-03 3.379376201191670148e+00
4.426000000000000247e-03 3.432888597416670073e+00
-2.406999999999999851e-03 3.310803478648329801e+00
2.889000000000000075e-03 3.063190989340829784e+00
-5.339999999999999695e-04 2.848232117060829793e+00
-6.070000000000000092e-04 2.920692407705829829e+00
1.008999999999999914e-03 3.133085635572499861e+00
-6.364999999999999998e-03 3.286509243044169803e+00
-2.694999999999999913e-03 3.312606816262499976e+00
3.259999999999999877e-03 2.607826392740829835e+00
-4.488999999999999935e-03 3.263172902849170054e+00
2.778999999999999786e-03 2.324573183525830089e+00
