1.412999999999999977e-03 2.940510601260000190e+00
-5.269000000000000246e-03 2.885840342499169875e+00
-3.563999999999999894e-03 2.629654001907499872e+00
6.250000000000000347e-03 3.069846176671669813e+00
-5.127999999999999746e-03 3.057613053414999893e+00
-6.342999999999999680e-03 2.920692407705829829e+00
8.760000000000000425e-03 3.286509243044169803e+00
-1.998999999999999909e-03 2.934541733082919990e+00
3.171000000000000207e-03 3.565743965547500061e+00
3.072000000000000078e-03 3.188253416951670083e+00
-2.856000000000000032e-03 3.483862755918329945e+00
2.492999999999999990e-03 3.411973101375830097e+00
