1.412999999999999977e-03 2.892300137293330131e+00
-5.269000000000000246e-03 3.198459249767500179e+00
-3.563999999999999894e-03 3.263172902849170054e+00
6.250000000000000347e-03 3.198459249767500179e+00
-5.127999999999999746e-03 2.663617178879170044e+00
-6.342999999999999680e-03 2.317647794300830011e+00
8.760000000000000425e-03 2.835878956535830220e+00
-1.998999999999999909e-03 2.693615501634170073e+00
3.171000000000000207e-03 3.233430677506670126e+00
3.072000000000000078e-03 2.878675966484169901e+00
-2.856000000000000032e-03 2.745468116239170087e+00
2.492999999999999990e-03 2.999914926195000220e+00
