6.608000000000000158e-03 3.015176532494169948e+00
9.759999999999999796e-04 3.432888597416670073e+00
-2.949999999999999931e-03 2.883400558382500201e+00
2.449999999999999921e-04 2.808643797939999853e+00
1.039999999999999936e-04 2.910003366371670008e+00
-3.459999999999999968e-03 3.159909139493750185e+00
7.837000000000000216e-03 3.495623166204170129e+00
-8.533999999999999919e-03 2.626259204186669916e+00
-1.458000000000000095e-03 2.887873083694170173e+00
7.294000000000000136e-03 2.607826392740829835e+00
-3.542000000000000010e-03 3.435653489584169940e+00
-3.119999999999999944e-03 3.333589427757500001e+00
