6.608000000000000158e-03 3.585468473592499983e+00
9.759999999999999796e-04 2.633600530389999861e+00
-2.949999999999999931e-03 3.036585112575830081e+00
2.449999999999999921e-04 2.808643797939999853e+00
1.039999999999999936e-04 2.910003366371670008e+00
-3.459999999999999968e-03 2.649287264275829834e+00
7.837000000000000216e-03 3.210439496352500033e+00
-8.533999999999999919e-03 2.934541733082919990e+00
-1.458000000000000095e-03 3.110932790737499953e+00
7.294000000000000136e-03 2.607826392740829835e+00
-3.542000000000000010e-03 2.678153099920829838e+00
-3.119999999999999944e-03 2.887873083694170173e+00
