1.425999999999999967e-03 3.169671990200829903e+00
-1.819000000000000087e-03 3.666104361145829937e+00
2.706000000000000072e-03 3.173370239693329875e+00
1.038000000000000077e-03 3.511233145875829909e+00
2.755000000000000070e-03 3.506392218752500067e+00
-2.240999999999999936e-03 2.317647794300830011e+00
9.929999999999999591e-04 3.495623166204170129e+00
-2.354000000000000190e-03 3.333589427757500001e+00
-2.658000000000000206e-03 2.887873083694170173e+00
-1.608000000000000054e-03 2.607826392740829835e+00
-2.569000000000000103e-03 2.678153099920829838e+00
4.330999999999999781e-03 3.210370848814580125e+00
