1.425999999999999967e-03 3.015176532494169948e+00
-1.819000000000000087e-03 2.311288980515000091e+00
2.706000000000000072e-03 3.310803478648329801e+00
1.038000000000000077e-03 3.776588480504170064e+00
2.755000000000000070e-03 3.097709143024999889e+00
-2.240999999999999936e-03 3.159909139493750185e+00
9.929999999999999591e-04 2.885840342499169875e+00
-2.354000000000000190e-03 3.215854378122500190e+00
-2.658000000000000206e-03 3.630449961232499856e+00
-1.608000000000000054e-03 2.878675966484169901e+00
-2.569000000000000103e-03 2.885840342499169875e+00
4.330999999999999781e-03 3.795196248818749840e+00
