1.268000000000000030e-03 3.321491868097500078e+00
-2.758000000000000035e-03 3.100652486853329837e+00
-3.589999999999999875e-03 3.604012066843329976e+00
-2.285000000000000139e-03 3.511233145875829909e+00
1.567000000000000033e-03 3.251443298889999944e+00
1.399000000000000070e-03 2.649287264275829834e+00
-7.499999999999999343e-05 3.646319843685000173e+00
3.664999999999999855e-03 3.448449969940829973e+00
-2.962999999999999922e-03 3.110932790737499953e+00
-3.488000000000000215e-03 2.878675966484169901e+00
9.909999999999999105e-04 2.232839864690829845e+00
6.270000000000000399e-03 2.887873083694170173e+00
