1.268000000000000030e-03 2.289589200871669838e+00
-2.758000000000000035e-03 2.551140727120829954e+00
-3.589999999999999875e-03 2.552181120928330049e+00
-2.285000000000000139e-03 2.541913033926670007e+00
1.567000000000000033e-03 2.453396371005830190e+00
1.399000000000000070e-03 2.520766419367499900e+00
-7.499999999999999343e-05 2.261782542057920065e+00
3.664999999999999855e-03 2.466279115052500082e+00
-2.962999999999999922e-03 2.529297295644170163e+00
-3.488000000000000215e-03 2.658707669770830062e+00
9.909999999999999105e-04 2.368634131573749801e+00
6.270000000000000399e-03 2.541218943610000114e+00
