1.268000000000000030e-03 2.491314450758329802e+00
-2.758000000000000035e-03 3.030290240550829850e+00
-3.589999999999999875e-03 2.608989490238330156e+00
-2.285000000000000139e-03 2.423017778335830208e+00
1.567000000000000033e-03 2.453396371005830190e+00
1.399000000000000070e-03 2.412108381078749808e+00
-7.499999999999999343e-05 2.986044750262499825e+00
3.664999999999999855e-03 2.556308896387499807e+00
-2.962999999999999922e-03 2.803025451944999968e+00
-3.488000000000000215e-03 2.500907342467499905e+00
9.909999999999999105e-04 2.368634131573749801e+00
6.270000000000000399e-03 2.624530291645830182e+00
