1.268000000000000030e-03 2.654003626677500005e+00
-2.758000000000000035e-03 2.633600530389999861e+00
-3.589999999999999875e-03 3.036585112575830081e+00
-2.285000000000000139e-03 3.257677341010829952e+00
1.567000000000000033e-03 2.910003366371670008e+00
1.399000000000000070e-03 3.346187224156670137e+00
-7.499999999999999343e-05 3.210439496352500033e+00
3.664999999999999855e-03 3.531499054073329980e+00
-2.962999999999999922e-03 3.110932790737499953e+00
-3.488000000000000215e-03 3.291367351920829964e+00
9.909999999999999105e-04 3.531499054073329980e+00
6.270000000000000399e-03 3.210370848814580125e+00
