-8.249999999999999955e-04 3.169671990200829903e+00
2.550000000000000183e-03 3.288397554711670168e+00
1.320000000000000101e-04 3.310803478648329801e+00
-2.547999999999999918e-03 3.511233145875829909e+00
9.810000000000001011e-04 2.243391379300000210e+00
-2.049999999999999956e-04 2.920692407705829829e+00
-4.150000000000000043e-03 3.210439496352500033e+00
-2.562000000000000041e-03 2.934541733082919990e+00
-1.317999999999999944e-03 3.110932790737499953e+00
6.504000000000000233e-03 2.878675966484169901e+00
4.238999999999999713e-03 3.064782091047499879e+00
-2.798999999999999839e-03 2.887873083694170173e+00
