2.044999999999999943e-03 2.232839864690829845e+00
-6.189999999999999756e-04 2.885840342499169875e+00
-4.145000000000000247e-03 3.310803478648329801e+00
-2.327000000000000075e-03 3.110932790737499953e+00
-2.181999999999999912e-03 2.910003366371670008e+00
5.250999999999999591e-03 2.317647794300830011e+00
-7.089999999999999948e-04 3.346187224156670137e+00
1.030000000000000100e-03 3.649124527290830144e+00
-9.640000000000000131e-04 3.482246535817500099e+00
1.747999999999999988e-03 3.091088901733329841e+00
4.342999999999999639e-03 2.232839864690829845e+00
-3.469999999999999994e-03 2.474262205700000106e+00
