2.044999999999999943e-03 3.455872847469169784e+00
-6.189999999999999756e-04 2.885840342499169875e+00
-4.145000000000000247e-03 2.883400558382500201e+00
-2.327000000000000075e-03 2.952689113646670194e+00
-2.181999999999999912e-03 3.895020552933329938e+00
5.250999999999999591e-03 2.920692407705829829e+00
-7.089999999999999948e-04 3.067902501211670074e+00
1.030000000000000100e-03 3.215854378122500190e+00
-9.640000000000000131e-04 2.631649450670829893e+00
1.747999999999999988e-03 3.291367351920829964e+00
4.342999999999999639e-03 2.475586401600000208e+00
-3.469999999999999994e-03 3.333589427757500001e+00
