2.044999999999999943e-03 2.654003626677500005e+00
-6.189999999999999756e-04 4.142824957265830221e+00
-4.145000000000000247e-03 4.582505486969170150e+00
-2.327000000000000075e-03 3.110932790737499953e+00
-2.181999999999999912e-03 4.121334496624579735e+00
5.250999999999999591e-03 4.247490107064169962e+00
-7.089999999999999948e-04 2.673386568951670039e+00
1.030000000000000100e-03 4.171942512845830286e+00
-9.640000000000000131e-04 4.171942512845830286e+00
1.747999999999999988e-03 2.289589200871669838e+00
4.342999999999999639e-03 4.196252185907500376e+00
-3.469999999999999994e-03 3.795196248818749840e+00
