-7.544999999999999624e-03 3.321491868097500078e+00
8.351000000000000784e-03 2.633600530389999861e+00
-2.020000000000000094e-03 3.513360760031670083e+00
-9.619999999999999645e-04 3.895020552933329938e+00
1.779999999999999898e-03 3.097709143024999889e+00
-4.534999999999999969e-03 3.346187224156670137e+00
2.897999999999999968e-03 3.346187224156670137e+00
7.664999999999999938e-03 3.726146698654170031e+00
-4.739000000000000157e-03 2.887873083694170173e+00
6.949999999999999798e-04 3.291367351920829964e+00
3.939999999999999817e-04 3.435653489584169940e+00
-1.981999999999999821e-03 3.333589427757500001e+00
