1.662000000000000066e-03 2.452747889534999892e+00
-1.309000000000000051e-03 2.885840342499169875e+00
-1.595999999999999979e-03 3.310803478648329801e+00
-5.158000000000000258e-03 3.383480405599999852e+00
2.583999999999999925e-03 3.251443298889999944e+00
2.109999999999999896e-03 3.526920076280830152e+00
8.208999999999999284e-03 3.346187224156670137e+00
-3.923000000000000272e-03 3.215854378122500190e+00
-5.240999999999999999e-03 3.482246535817500099e+00
-2.454000000000000018e-03 3.091088901733329841e+00
1.410000000000000012e-03 3.323327811357500217e+00
3.706999999999999792e-03 3.333589427757500001e+00
