9.534000000000000807e-03 3.585468473592499983e+00
1.920000000000000049e-04 3.100652486853329837e+00
-8.007000000000000228e-03 2.672968507864169840e+00
7.473999999999999741e-03 3.110932790737499953e+00
-1.855000000000000095e-03 3.380474998865000025e+00
-4.832999999999999623e-03 2.920692407705829829e+00
7.545999999999999756e-03 3.210439496352500033e+00
-4.035000000000000392e-03 2.626259204186669916e+00
-2.155999999999999930e-03 2.631649450670829893e+00
5.334000000000000200e-03 3.649124527290830144e+00
-8.096000000000000765e-03 3.064782091047499879e+00
-1.098000000000000018e-03 3.679495149491669892e+00
