-6.891999999999999689e-03 2.912275816651670013e+00
-4.611999999999999780e-03 2.967084663710830128e+00
1.735999999999999913e-03 2.910003366371670008e+00
-1.379999999999999933e-04 3.063190989340829784e+00
-1.879000000000000028e-03 3.314537295733329891e+00
6.585999999999999840e-03 2.649287264275829834e+00
-1.374000000000000004e-03 2.991204699891670149e+00
3.392000000000000050e-03 2.885840342499169875e+00
-6.991999999999999951e-03 2.887873083694170173e+00
1.340999999999999961e-03 2.934857571999169856e+00
6.492000000000000375e-03 3.129330447653329905e+00
2.341000000000000199e-03 3.125260492918330080e+00
