4.009999999999999893e-04 3.321491868097500078e+00
3.229000000000000099e-03 3.100652486853329837e+00
-4.079999999999999968e-04 2.466548709025830011e+00
9.899999999999999404e-05 2.808643797939999853e+00
-1.078499999999999945e-02 2.711261192726670100e+00
1.413999999999999892e-03 3.159909139493750185e+00
-1.200900000000000058e-02 2.232839864690829845e+00
2.239999999999999804e-03 3.091088901733329841e+00
5.588000000000000085e-03 3.482246535817500099e+00
-1.941999999999999933e-03 3.291367351920829964e+00
1.133999999999999939e-02 3.064782091047499879e+00
8.339999999999999974e-04 3.210370848814580125e+00
