7.609999999999999577e-04 2.702974182475830212e+00
-2.239999999999999966e-04 2.697573116506669866e+00
6.176000000000000066e-03 2.672968507864169840e+00
-2.773999999999999990e-03 2.306499797137500085e+00
-3.137000000000000031e-03 2.496194736433329897e+00
2.887999999999999942e-03 2.480167664599170152e+00
-9.017999999999999974e-03 2.463280187130830079e+00
4.659999999999999971e-04 2.242675021353329967e+00
5.843000000000000103e-03 2.974168984337500099e+00
4.339999999999999782e-04 2.445643564935000125e+00
-6.560000000000000076e-04 2.423662764087500143e+00
-7.600000000000000418e-04 2.474262205700000106e+00
