7.003999999999999809e-03 3.015176532494169948e+00
-4.240000000000000062e-04 2.885840342499169875e+00
-4.531999999999999570e-03 2.672968507864169840e+00
7.165000000000000362e-03 2.808643797939999853e+00
-1.938000000000000052e-03 3.506392218752500067e+00
2.210000000000000050e-04 2.317647794300830011e+00
7.230000000000000098e-04 3.210439496352500033e+00
-2.575000000000000032e-03 3.649124527290830144e+00
-7.015000000000000402e-03 2.631649450670829893e+00
5.919999999999999698e-04 2.878675966484169901e+00
-3.007999999999999823e-03 2.885840342499169875e+00
3.787000000000000002e-03 2.887873083694170173e+00
