-7.751000000000000077e-03 2.382702705579999858e+00
3.629999999999999872e-04 3.666104361145829937e+00
-4.262000000000000163e-03 3.257677341010829952e+00
3.376999999999999794e-03 2.661497839056670145e+00
-1.508000000000000009e-03 3.097709143024999889e+00
-5.497000000000000150e-03 3.455872847469169784e+00
5.395999999999999755e-03 3.133085635572499861e+00
3.399999999999999811e-03 3.965798510213330186e+00
6.283000000000000390e-03 3.630449961232499856e+00
-2.210999999999999858e-03 3.376394497626669988e+00
-7.240000000000000342e-04 3.962665149421670030e+00
3.135999999999999899e-03 3.755696646532499905e+00
