-6.099000000000000254e-03 2.568261339060830206e+00
2.795000000000000175e-03 2.885840342499169875e+00
-4.367000000000000222e-03 2.466548709025830011e+00
-3.948000000000000120e-03 2.808643797939999853e+00
3.738000000000000003e-03 2.243391379300000210e+00
5.963000000000000418e-03 2.317647794300830011e+00
2.110000000000000059e-04 2.781334037115830160e+00
2.213000000000000123e-03 3.140546084757500189e+00
2.533000000000000095e-03 2.833650752064170053e+00
-3.788999999999999833e-03 3.807950787064999787e+00
3.586000000000000212e-03 2.475586401600000208e+00
-2.835999999999999979e-03 2.474262205700000106e+00
