-2.759999999999999867e-04 3.585468473592499983e+00
1.005999999999999950e-03 3.432888597416670073e+00
-7.089999999999999948e-04 3.173370239693329875e+00
-3.297000000000000017e-03 3.257677341010829952e+00
-1.793000000000000106e-03 3.097709143024999889e+00
5.317999999999999811e-03 3.346187224156670137e+00
7.727000000000000361e-03 3.495623166204170129e+00
-5.599999999999999509e-04 3.091088901733329841e+00
-6.579999999999999911e-03 3.110932790737499953e+00
1.110000000000000011e-04 3.649124527290830144e+00
4.189999999999999931e-04 2.678153099920829838e+00
-1.366999999999999943e-03 3.477675110559169891e+00
