-6.520000000000000188e-04 2.861578711234169958e+00
1.283999999999999985e-03 3.506392218752500067e+00
1.090000000000000040e-03 3.799470738018329907e+00
6.719999999999999628e-04 3.511233145875829909e+00
1.471000000000000085e-03 3.380474998865000025e+00
-8.530000000000000256e-04 3.932697512993330147e+00
-1.881999999999999992e-03 3.495623166204170129e+00
8.549999999999999658e-04 3.679495149491669892e+00
-9.259999999999999568e-04 3.552326977578330158e+00
-2.631000000000000092e-03 2.972576940943330026e+00
3.144999999999999792e-03 3.435653489584169940e+00
-1.572999999999999962e-03 4.024834106178330373e+00
