3.300000000000000253e-05 3.015176532494169948e+00
-7.370000000000000249e-04 2.633600530389999861e+00
4.130000000000000099e-04 3.422678836278330028e+00
-9.299999999999999727e-05 2.626830755832500142e+00
3.275000000000000133e-03 2.711261192726670100e+00
-3.700999999999999863e-03 2.920692407705829829e+00
-2.294000000000000032e-03 2.673386568951670039e+00
8.480000000000000124e-04 3.333589427757500001e+00
2.680999999999999790e-03 2.887873083694170173e+00
-1.162999999999999971e-03 3.649124527290830144e+00
-3.193000000000000092e-03 2.885840342499169875e+00
3.930000000000000333e-03 3.210370848814580125e+00
