-1.039900000000000026e-02 3.321491868097500078e+00
4.035000000000000392e-03 3.666104361145829937e+00
2.961000000000000090e-03 4.171942512845830286e+00
-3.608000000000000096e-03 3.511233145875829909e+00
3.820000000000000045e-03 4.350983571194169564e+00
-3.537000000000000213e-03 4.041601257555829996e+00
-3.611000000000000060e-03 3.646319843685000173e+00
2.160000000000000028e-03 3.649124527290830144e+00
5.276999999999999573e-03 3.482246535817500099e+00
7.339999999999999520e-04 3.807950787064999787e+00
9.139999999999999904e-04 4.283698759817499813e+00
1.252999999999999991e-03 3.592552239576670026e+00
