-1.039900000000000026e-02 3.321491868097500078e+00
4.035000000000000392e-03 2.633600530389999861e+00
2.961000000000000090e-03 2.883400558382500201e+00
-3.608000000000000096e-03 2.952689113646670194e+00
3.820000000000000045e-03 2.496194736433329897e+00
-3.537000000000000213e-03 2.649287264275829834e+00
-3.611000000000000060e-03 2.673386568951670039e+00
2.160000000000000028e-03 2.797186331386670055e+00
5.276999999999999573e-03 2.887873083694170173e+00
7.339999999999999520e-04 2.878675966484169901e+00
9.139999999999999904e-04 2.885840342499169875e+00
1.252999999999999991e-03 2.887873083694170173e+00
