-6.544000000000000337e-03 2.452747889534999892e+00
-2.057999999999999934e-03 3.100652486853329837e+00
-8.270000000000000441e-04 3.310803478648329801e+00
2.833000000000000015e-03 3.110932790737499953e+00
2.330000000000000040e-03 2.711261192726670100e+00
-1.178999999999999927e-03 3.932697512993330147e+00
2.889999999999999774e-04 2.885840342499169875e+00
-2.866000000000000058e-03 2.934541733082919990e+00
3.275000000000000133e-03 3.630449961232499856e+00
6.316999999999999699e-03 2.878675966484169901e+00
1.536000000000000039e-03 2.475586401600000208e+00
-3.106999999999999953e-03 3.069846176671669813e+00
