-6.544000000000000337e-03 3.455872847469169784e+00
-2.057999999999999934e-03 2.885840342499169875e+00
-8.270000000000000441e-04 2.672968507864169840e+00
2.833000000000000015e-03 2.952689113646670194e+00
2.330000000000000040e-03 2.496194736433329897e+00
-1.178999999999999927e-03 3.346187224156670137e+00
2.889999999999999774e-04 2.673386568951670039e+00
-2.866000000000000058e-03 2.429781636614170015e+00
3.275000000000000133e-03 3.110932790737499953e+00
6.316999999999999699e-03 2.289589200871669838e+00
1.536000000000000039e-03 2.678153099920829838e+00
-3.106999999999999953e-03 2.474262205700000106e+00
