1.139000000000000038e-03 2.861578711234169958e+00
-6.439000000000000279e-03 2.633600530389999861e+00
-1.650999999999999907e-03 3.173370239693329875e+00
1.379999999999999933e-03 3.511233145875829909e+00
1.110000000000000011e-04 3.251443298889999944e+00
2.952999999999999896e-03 3.806315235661669849e+00
6.400000000000000307e-03 2.885840342499169875e+00
-4.393000000000000203e-03 2.934541733082919990e+00
-3.530000000000000152e-04 2.887873083694170173e+00
4.688000000000000327e-03 2.878675966484169901e+00
-2.710000000000000169e-03 2.678153099920829838e+00
-1.123999999999999999e-03 2.689221729744169842e+00
