1.139000000000000038e-03 2.654003626677500005e+00
-6.439000000000000279e-03 3.288397554711670168e+00
-1.650999999999999907e-03 3.422678836278330028e+00
1.379999999999999933e-03 3.110932790737499953e+00
1.110000000000000011e-04 2.910003366371670008e+00
2.952999999999999896e-03 3.526920076280830152e+00
6.400000000000000307e-03 2.885840342499169875e+00
-4.393000000000000203e-03 3.333589427757500001e+00
-3.530000000000000152e-04 3.110932790737499953e+00
4.688000000000000327e-03 3.477675110559169891e+00
-2.710000000000000169e-03 3.064782091047499879e+00
-1.123999999999999999e-03 3.210370848814580125e+00
