-7.751000000000000077e-03 2.382702705579999858e+00
3.629999999999999872e-04 3.001973113065830034e+00
-4.262000000000000163e-03 3.115562594936669871e+00
3.376999999999999794e-03 2.731528313290830123e+00
-1.508000000000000009e-03 2.496194736433329897e+00
-5.497000000000000150e-03 3.159909139493750185e+00
5.395999999999999755e-03 2.885840342499169875e+00
3.399999999999999811e-03 2.857424835184999790e+00
6.283000000000000390e-03 2.887873083694170173e+00
-2.210999999999999858e-03 2.972576940943330026e+00
-7.240000000000000342e-04 3.366600399103329977e+00
3.135999999999999899e-03 3.006212938473329821e+00
