-7.751000000000000077e-03 3.169671990200829903e+00
3.629999999999999872e-04 3.001973113065830034e+00
-4.262000000000000163e-03 3.173370239693329875e+00
3.376999999999999794e-03 3.383480405599999852e+00
-1.508000000000000009e-03 3.251443298889999944e+00
-5.497000000000000150e-03 2.649287264275829834e+00
5.395999999999999755e-03 2.961506094162499991e+00
3.399999999999999811e-03 3.140546084757500189e+00
6.283000000000000390e-03 3.013554336649169940e+00
-2.210999999999999858e-03 3.291367351920829964e+00
-7.240000000000000342e-04 3.113367012274169898e+00
3.135999999999999899e-03 3.288397554711670168e+00
