-5.481999999999999894e-03 2.753895383479170178e+00
1.822000000000000052e-03 2.633600530389999861e+00
1.734999999999999997e-03 2.672968507864169840e+00
-2.720999999999999894e-03 2.626830755832500142e+00
4.082999999999999824e-03 2.663617178879170044e+00
4.154999999999999839e-03 3.027786021754999890e+00
-1.161200000000000079e-02 3.111940425351670036e+00
-1.716999999999999993e-03 2.626259204186669916e+00
4.041999999999999586e-03 2.631649450670829893e+00
-2.226999999999999813e-03 2.678153099920829838e+00
5.079000000000000181e-03 2.638046463695829846e+00
2.843000000000000041e-03 2.969677835105830166e+00
