-1.078400000000000018e-02 3.321491868097500078e+00
4.205000000000000404e-03 3.288397554711670168e+00
4.804000000000000110e-03 3.422678836278330028e+00
-4.847999999999999879e-03 2.952689113646670194e+00
-2.691999999999999948e-03 3.097709143024999889e+00
5.619999999999999996e-03 3.806315235661669849e+00
-6.374000000000000325e-03 3.495623166204170129e+00
8.809999999999999472e-04 3.531499054073329980e+00
-1.260999999999999968e-03 3.312606816262499976e+00
-1.118999999999999986e-03 3.649124527290830144e+00
1.098900000000000050e-02 3.802975839610000186e+00
5.789999999999999791e-04 3.880491689511670117e+00
