-1.078400000000000018e-02 3.015176532494169948e+00
4.205000000000000404e-03 2.311288980515000091e+00
4.804000000000000110e-03 3.036585112575830081e+00
-4.847999999999999879e-03 2.423017778335830208e+00
-2.691999999999999948e-03 2.711261192726670100e+00
5.619999999999999996e-03 2.920692407705829829e+00
-6.374000000000000325e-03 2.885840342499169875e+00
8.809999999999999472e-04 2.429781636614170015e+00
-1.260999999999999968e-03 2.887873083694170173e+00
-1.118999999999999986e-03 2.878675966484169901e+00
1.098900000000000050e-02 3.064782091047499879e+00
5.789999999999999791e-04 2.887873083694170173e+00
