-1.078400000000000018e-02 3.455872847469169784e+00
4.205000000000000404e-03 2.885840342499169875e+00
4.804000000000000110e-03 3.880491689511670117e+00
-4.847999999999999879e-03 3.257677341010829952e+00
-2.691999999999999948e-03 3.506392218752500067e+00
5.619999999999999996e-03 2.920692407705829829e+00
-6.374000000000000325e-03 3.646319843685000173e+00
8.809999999999999472e-04 3.531499054073329980e+00
-1.260999999999999968e-03 2.631649450670829893e+00
-1.118999999999999986e-03 3.807950787064999787e+00
1.098900000000000050e-02 3.802975839610000186e+00
5.789999999999999791e-04 3.592552239576670026e+00
