-4.184000000000000219e-03 2.654003626677500005e+00
-1.170000000000000033e-03 2.311288980515000091e+00
4.459999999999999989e-04 2.466548709025830011e+00
-2.853000000000000067e-03 2.423017778335830208e+00
-7.739999999999999485e-04 2.626259204186669916e+00
2.902000000000000066e-03 2.649287264275829834e+00
-8.099999999999999561e-04 2.319846410246670043e+00
2.359999999999999902e-04 2.429781636614170015e+00
-1.833999999999999910e-03 2.469620678989170148e+00
8.299999999999999815e-05 2.607826392740829835e+00
4.029999999999999728e-03 2.331366552131670211e+00
3.928000000000000068e-03 2.808643797939999853e+00
