-9.636999999999999733e-03 2.912275816651670013e+00
6.516000000000000091e-03 2.474262205700000106e+00
2.814000000000000095e-03 2.968813010024169863e+00
-4.145000000000000247e-03 2.626830755832500142e+00
2.557999999999999944e-03 2.318019638991669851e+00
-2.569999999999999802e-03 2.761840708034999814e+00
-1.188999999999999953e-03 2.362386496003329839e+00
3.565000000000000027e-03 2.872633967460830107e+00
2.290000000000000098e-04 2.631649450670829893e+00
-8.850000000000000444e-04 2.926934764113330090e+00
5.220000000000000031e-04 2.559988916058329789e+00
2.223000000000000149e-03 2.765161098790000160e+00
