-9.636999999999999733e-03 2.793218121180829794e+00
6.516000000000000091e-03 2.497864669178329944e+00
2.814000000000000095e-03 2.232839864690829845e+00
-4.145000000000000247e-03 2.863548129692500055e+00
2.557999999999999944e-03 3.189764540934170167e+00
-2.569999999999999802e-03 2.447809453425830117e+00
-1.188999999999999953e-03 2.820009563544580100e+00
3.565000000000000027e-03 2.934541733082919990e+00
2.290000000000000098e-04 2.509359416173329915e+00
-8.850000000000000444e-04 2.607826392740829835e+00
5.220000000000000031e-04 2.559988916058329789e+00
2.223000000000000149e-03 2.808643797939999853e+00
