-9.636999999999999733e-03 2.603061669077499918e+00
6.516000000000000091e-03 2.497864669178329944e+00
2.814000000000000095e-03 2.266202508706669949e+00
-4.145000000000000247e-03 2.668316020831670077e+00
2.557999999999999944e-03 2.452747889534999892e+00
-2.569999999999999802e-03 2.447809453425830117e+00
-1.188999999999999953e-03 2.418504708534999992e+00
3.565000000000000027e-03 2.484607563414169995e+00
2.290000000000000098e-04 2.509359416173329915e+00
-8.850000000000000444e-04 2.289589200871669838e+00
5.220000000000000031e-04 2.437869985673330131e+00
2.223000000000000149e-03 2.384975259560000005e+00
