4.911999999999999700e-03 2.452747889534999892e+00
-7.380000000000000492e-04 3.666104361145829937e+00
-6.893999999999999954e-03 2.883400558382500201e+00
6.366000000000000131e-03 3.511233145875829909e+00
-4.572999999999999808e-03 3.097709143024999889e+00
-7.583999999999999596e-03 3.670384358495829780e+00
4.952999999999999937e-03 3.646319843685000173e+00
-3.598000000000000070e-03 3.448449969940829973e+00
-3.305000000000000212e-03 3.482246535817500099e+00
6.445000000000000208e-03 3.291367351920829964e+00
4.083999999999999957e-03 3.184694893079170086e+00
-6.799999999999999946e-05 3.069846176671669813e+00
