-2.650000000000000012e-03 3.379376201191670148e+00
4.299999999999999894e-04 2.633600530389999861e+00
3.480000000000000020e-03 2.883400558382500201e+00
3.782999999999999904e-03 2.952689113646670194e+00
-1.758999999999999930e-03 3.380474998865000025e+00
-2.958000000000000126e-03 2.649287264275829834e+00
-2.017000000000000130e-03 3.646319843685000173e+00
7.399999999999999623e-05 2.693615501634170073e+00
3.514999999999999895e-03 2.631649450670829893e+00
-2.530000000000000239e-04 2.445643564935000125e+00
-1.492000000000000054e-03 2.885840342499169875e+00
-1.540000000000000028e-04 2.969677835105830166e+00
