2.609000000000000208e-03 2.861578711234169958e+00
-9.399999999999999719e-04 2.311288980515000091e+00
-1.190000000000000085e-03 2.672968507864169840e+00
-5.262000000000000184e-03 2.808643797939999853e+00
1.748999999999999904e-03 2.243391379300000210e+00
1.427000000000000100e-03 2.920692407705829829e+00
-2.239999999999999804e-03 2.673386568951670039e+00
2.141000000000000108e-03 3.215854378122500190e+00
-1.327999999999999970e-03 2.887873083694170173e+00
-4.998999999999999971e-03 2.607826392740829835e+00
2.057999999999999934e-03 2.885840342499169875e+00
5.973000000000000011e-03 2.474262205700000106e+00
