2.609000000000000208e-03 3.455872847469169784e+00
-9.399999999999999719e-04 3.554459934575830093e+00
-1.190000000000000085e-03 3.513360760031670083e+00
-5.262000000000000184e-03 3.511233145875829909e+00
1.748999999999999904e-03 3.380474998865000025e+00
1.427000000000000100e-03 3.159909139493750185e+00
-2.239999999999999804e-03 2.232839864690829845e+00
2.141000000000000108e-03 3.531499054073329980e+00
-1.327999999999999970e-03 3.110932790737499953e+00
-4.998999999999999971e-03 2.878675966484169901e+00
2.057999999999999934e-03 3.323327811357500217e+00
5.973000000000000011e-03 3.069846176671669813e+00
