-2.350999999999999791e-03 3.321491868097500078e+00
-5.838000000000000307e-03 3.432888597416670073e+00
-1.123000000000000083e-03 2.672968507864169840e+00
4.741000000000000422e-03 3.383480405599999852e+00
1.402000000000000034e-03 3.097709143024999889e+00
-3.719000000000000083e-03 3.526920076280830152e+00
3.996999999999999685e-03 3.495623166204170129e+00
-1.258999999999999920e-03 3.448449969940829973e+00
-1.640000000000000019e-04 3.110932790737499953e+00
5.369999999999999774e-03 2.878675966484169901e+00
-2.410999999999999949e-03 3.064782091047499879e+00
1.353999999999999952e-03 3.333589427757500001e+00
