6.679999999999999740e-04 2.568261339060830206e+00
3.314999999999999804e-03 2.967084663710830128e+00
-9.009999999999999997e-04 2.961506094162499991e+00
-6.313000000000000035e-03 2.331366552131670211e+00
4.390999999999999938e-03 3.179103135220830101e+00
1.420000000000000038e-03 2.858273230285830024e+00
-5.190000000000000169e-03 3.111940425351670036e+00
6.769999999999999759e-04 2.429781636614170015e+00
1.314999999999999980e-03 3.198459249767500179e+00
3.420000000000000188e-04 2.920692407705829829e+00
1.178000000000000011e-03 2.533588103396669844e+00
-9.030000000000000483e-04 2.855993558841670055e+00
