-4.781999999999999792e-03 3.455872847469169784e+00
-3.459999999999999968e-03 3.554459934575830093e+00
-3.017000000000000150e-03 3.422678836278330028e+00
5.526999999999999795e-03 2.626830755832500142e+00
-3.435000000000000119e-03 3.251443298889999944e+00
-3.658999999999999926e-03 3.526920076280830152e+00
7.166999999999999760e-03 3.067902501211670074e+00
-1.999999999999999909e-06 3.333589427757500001e+00
2.834000000000000147e-03 3.312606816262499976e+00
7.597999999999999719e-03 2.289589200871669838e+00
-6.826999999999999735e-03 3.802975839610000186e+00
2.054999999999999969e-03 3.210370848814580125e+00
