-1.492999999999999969e-03 3.321491868097500078e+00
6.229999999999999644e-04 4.346149633668329848e+00
8.009999999999999542e-04 4.961917420811669643e+00
3.800000000000000209e-04 3.257677341010829952e+00
-1.621000000000000045e-03 4.731723971477499902e+00
1.837000000000000091e-03 4.146414329528330001e+00
7.999999999999999638e-06 3.646319843685000173e+00
-1.003999999999999901e-03 4.613233390328329797e+00
-6.719999999999999628e-04 4.052894267909169734e+00
1.056000000000000081e-03 3.291367351920829964e+00
-1.572000000000000047e-03 4.686491995309170377e+00
1.655999999999999920e-03 3.795196248818749840e+00
