3.902000000000000086e-03 3.169671990200829903e+00
5.010000000000000347e-04 2.633600530389999861e+00
-1.915000000000000036e-03 2.672968507864169840e+00
4.455999999999999892e-03 3.110932790737499953e+00
-3.847999999999999858e-03 3.380474998865000025e+00
-3.694999999999999934e-03 3.526920076280830152e+00
4.932999999999999885e-03 3.939983452114999896e+00
-7.320000000000000118e-04 3.333589427757500001e+00
-1.662999999999999982e-03 3.110932790737499953e+00
4.135999999999999920e-03 3.477675110559169891e+00
-3.616999999999999989e-03 2.678153099920829838e+00
-2.458000000000000115e-03 2.887873083694170173e+00
