1.206999999999999957e-03 4.352882823775000354e+00
-9.728999999999999801e-03 3.100652486853329837e+00
-5.500000000000000196e-05 3.173370239693329875e+00
3.063999999999999883e-03 3.383480405599999852e+00
2.709999999999999735e-04 2.711261192726670100e+00
-9.169999999999999549e-04 3.346187224156670137e+00
8.189999999999999581e-04 4.120457393643330413e+00
5.348999999999999588e-03 2.934541733082919990e+00
-1.891000000000000103e-03 3.909846210603329819e+00
-9.520000000000000467e-04 2.289589200871669838e+00
-5.839999999999999922e-04 3.435653489584169940e+00
3.418000000000000031e-03 3.477675110559169891e+00
