-4.858999999999999604e-03 2.861578711234169958e+00
-9.840000000000000656e-04 2.542129123595000095e+00
3.132999999999999934e-03 2.589181852388330096e+00
-1.147000000000000016e-03 2.626830755832500142e+00
2.438000000000000063e-03 2.439146018250830217e+00
2.435000000000000098e-03 3.020744462050830137e+00
-5.720000000000000258e-03 2.885840342499169875e+00
-1.307000000000000002e-03 2.886861003111670154e+00
2.716999999999999797e-03 2.824809002722500129e+00
-6.150000000000000085e-03 2.654291037824170196e+00
6.259999999999999939e-03 2.559988916058329789e+00
3.186000000000000030e-03 3.148686721938330102e+00
