-4.858999999999999604e-03 4.352882823775000354e+00
-9.840000000000000656e-04 3.432888597416670073e+00
3.132999999999999934e-03 3.812336454999170066e+00
-1.147000000000000016e-03 5.280658701525830168e+00
2.438000000000000063e-03 3.251443298889999944e+00
2.435000000000000098e-03 3.526920076280830152e+00
-5.720000000000000258e-03 3.495623166204170129e+00
-1.307000000000000002e-03 4.269109283369999730e+00
2.716999999999999797e-03 3.312606816262499976e+00
-6.150000000000000085e-03 4.009164337077920415e+00
6.259999999999999939e-03 4.007227840135420216e+00
3.186000000000000030e-03 3.333589427757500001e+00
