-7.941999999999999407e-03 3.169671990200829903e+00
3.696000000000000067e-03 2.633600530389999861e+00
7.087999999999999683e-03 3.310803478648329801e+00
-1.543300000000000054e-02 4.052894267909169734e+00
1.133800000000000086e-02 2.711261192726670100e+00
7.228000000000000050e-03 3.159909139493750185e+00
-8.403000000000000747e-03 3.646319843685000173e+00
1.621999999999999961e-03 3.649124527290830144e+00
-3.242000000000000090e-03 3.312606816262499976e+00
5.950000000000000427e-04 3.649124527290830144e+00
1.838000000000000007e-03 3.184694893079170086e+00
1.613999999999999983e-03 2.887873083694170173e+00
