-5.311999999999999882e-03 2.753895383479170178e+00
2.066999999999999827e-03 3.778970952814999951e+00
6.663999999999999785e-03 3.513360760031670083e+00
-5.066000000000000190e-03 3.257677341010829952e+00
-4.190000000000000148e-03 3.506392218752500067e+00
3.982000000000000296e-03 3.272719868867500104e+00
-4.962000000000000265e-03 3.210439496352500033e+00
1.485999999999999908e-03 3.531499054073329980e+00
1.696999999999999941e-03 3.013554336649169940e+00
-1.000000000000000082e-05 2.972576940943330026e+00
2.756999999999999902e-03 3.602570289478329801e+00
8.859999999999999603e-04 3.288397554711670168e+00
