-5.311999999999999882e-03 3.695849826027500118e+00
2.066999999999999827e-03 3.980569663493750188e+00
6.663999999999999785e-03 3.670384358495829780e+00
-5.066000000000000190e-03 3.644814572479170067e+00
-4.190000000000000148e-03 3.380474998865000025e+00
3.982000000000000296e-03 4.041601257555829996e+00
-4.962000000000000265e-03 2.673386568951670039e+00
1.485999999999999908e-03 3.802975839610000186e+00
1.696999999999999941e-03 4.278090181324169627e+00
-1.000000000000000082e-05 3.807950787064999787e+00
2.756999999999999902e-03 3.943616677120830083e+00
8.859999999999999603e-04 3.964814229963330217e+00
