-2.361200000000000104e-02 2.485565274278330072e+00
7.696999999999999849e-03 2.827492536619169883e+00
1.503400000000000049e-02 2.965994819769170121e+00
-1.422799999999999933e-02 2.559527934735830179e+00
7.290999999999999738e-03 2.649287264275829834e+00
9.192000000000000517e-03 2.874774386328330156e+00
-1.953399999999999928e-02 2.725757177794999819e+00
1.183599999999999930e-02 2.726517886825829962e+00
4.207999999999999935e-03 2.555674054861249989e+00
-1.489099999999999972e-02 2.475586401600000208e+00
1.114200000000000086e-02 2.841236162069169957e+00
5.865999999999999687e-03 2.855993558841670055e+00
