-2.361200000000000104e-02 2.568261339060830206e+00
7.696999999999999849e-03 2.955152423942500217e+00
1.503400000000000049e-02 2.906512073000000029e+00
-1.422799999999999933e-02 2.673386568951670039e+00
7.290999999999999738e-03 2.711261192726670100e+00
9.192000000000000517e-03 2.808643797939999853e+00
-1.953399999999999928e-02 3.111940425351670036e+00
1.183599999999999930e-02 2.934541733082919990e+00
4.207999999999999935e-03 2.555674054861249989e+00
-1.489099999999999972e-02 2.289589200871669838e+00
1.114200000000000086e-02 2.952351001563330080e+00
5.865999999999999687e-03 2.808643797939999853e+00
