-2.361200000000000104e-02 2.600722406201669834e+00
7.696999999999999849e-03 3.037199935994999933e+00
1.503400000000000049e-02 2.724967182811670163e+00
-1.422799999999999933e-02 2.287867576024170013e+00
7.290999999999999738e-03 2.671006556582499858e+00
9.192000000000000517e-03 2.715740096894999844e+00
-1.953399999999999928e-02 2.508423063531670216e+00
1.183599999999999930e-02 2.579932703469169919e+00
4.207999999999999935e-03 2.694315590735830046e+00
-1.489099999999999972e-02 2.764500839061669879e+00
1.114200000000000086e-02 2.578106281888330020e+00
5.865999999999999687e-03 2.778250552977500121e+00
