-2.361200000000000104e-02 2.603649359371670080e+00
7.696999999999999849e-03 2.827492536619169883e+00
1.503400000000000049e-02 2.908850835084169972e+00
-1.422799999999999933e-02 2.661497839056670145e+00
7.290999999999999738e-03 2.649287264275829834e+00
9.192000000000000517e-03 2.761840708034999814e+00
-1.953399999999999928e-02 2.725757177794999819e+00
1.183599999999999930e-02 2.561718674705829812e+00
4.207999999999999935e-03 2.429462958750829848e+00
-1.489099999999999972e-02 2.661497839056670145e+00
1.114200000000000086e-02 2.638046463695829846e+00
5.865999999999999687e-03 2.774105251354169965e+00
