-2.361200000000000104e-02 3.104766263432499951e+00
7.696999999999999849e-03 3.215854378122500190e+00
1.503400000000000049e-02 3.120197699824169835e+00
-1.422799999999999933e-02 2.808643797939999853e+00
7.290999999999999738e-03 3.251443298889999944e+00
9.192000000000000517e-03 3.038116324811670044e+00
-1.953399999999999928e-02 2.961506094162499991e+00
1.183599999999999930e-02 2.857424835184999790e+00
4.207999999999999935e-03 2.631649450670829893e+00
-1.489099999999999972e-02 2.775401040593330038e+00
1.114200000000000086e-02 2.475586401600000208e+00
5.865999999999999687e-03 3.136782875271669990e+00
