-2.361200000000000104e-02 3.015176532494169948e+00
7.696999999999999849e-03 3.100652486853329837e+00
1.503400000000000049e-02 3.422678836278330028e+00
-1.422799999999999933e-02 3.895020552933329938e+00
7.290999999999999738e-03 4.052894267909169734e+00
9.192000000000000517e-03 3.159909139493750185e+00
-1.953399999999999928e-02 3.067902501211670074e+00
1.183599999999999930e-02 3.333589427757500001e+00
4.207999999999999935e-03 3.630449961232499856e+00
-1.489099999999999972e-02 2.878675966484169901e+00
1.114200000000000086e-02 3.435653489584169940e+00
5.865999999999999687e-03 3.333589427757500001e+00
