-2.361200000000000104e-02 2.382702705579999858e+00
7.696999999999999849e-03 2.832975389176669800e+00
1.503400000000000049e-02 2.615942333617499838e+00
-1.422799999999999933e-02 2.589181852388330096e+00
7.290999999999999738e-03 3.054471342309169835e+00
9.192000000000000517e-03 2.708802733905419924e+00
-1.953399999999999928e-02 2.705682197999169869e+00
1.183599999999999930e-02 2.626259204186669916e+00
4.207999999999999935e-03 2.964945754224999952e+00
-1.489099999999999972e-02 2.794343246992499807e+00
1.114200000000000086e-02 2.640019347234169977e+00
5.865999999999999687e-03 2.761840708034999814e+00
