-2.361200000000000104e-02 2.861578711234169958e+00
7.696999999999999849e-03 2.311288980515000091e+00
1.503400000000000049e-02 2.933572266770830161e+00
-1.422799999999999933e-02 2.507884720399169876e+00
7.290999999999999738e-03 2.711261192726670100e+00
9.192000000000000517e-03 2.920692407705829829e+00
-1.953399999999999928e-02 3.067902501211670074e+00
1.183599999999999930e-02 2.797186331386670055e+00
4.207999999999999935e-03 2.887873083694170173e+00
-1.489099999999999972e-02 3.091088901733329841e+00
1.114200000000000086e-02 2.678153099920829838e+00
5.865999999999999687e-03 2.689221729744169842e+00
