-5.898999999999999730e-03 2.861578711234169958e+00
-2.657000000000000074e-03 2.633600530389999861e+00
5.969999999999999613e-03 3.173370239693329875e+00
-2.121000000000000055e-03 2.885840342499169875e+00
-3.400000000000000244e-04 2.711261192726670100e+00
6.381000000000000387e-03 2.649287264275829834e+00
7.856999999999999401e-03 2.961506094162499991e+00
2.130000000000000003e-04 2.626259204186669916e+00
-1.008999999999999914e-03 2.631649450670829893e+00
-2.504000000000000149e-03 2.607826392740829835e+00
-2.001999999999999873e-03 2.678153099920829838e+00
-3.889999999999999795e-03 2.604552662213329928e+00
