-2.668999999999999932e-03 3.455872847469169784e+00
-1.750999999999999952e-03 3.666104361145829937e+00
-6.689999999999999983e-04 2.883400558382500201e+00
-6.271999999999999797e-03 3.383480405599999852e+00
-7.190000000000000210e-04 3.097709143024999889e+00
-4.569999999999999952e-04 2.920692407705829829e+00
3.510999999999999798e-03 3.346187224156670137e+00
4.428999999999999777e-03 3.333589427757500001e+00
-1.224000000000000045e-03 3.630449961232499856e+00
4.520999999999999845e-03 2.607826392740829835e+00
1.325999999999999922e-03 2.885840342499169875e+00
-2.599999999999999840e-05 2.887873083694170173e+00
