-2.668999999999999932e-03 3.015176532494169948e+00
-1.750999999999999952e-03 2.885840342499169875e+00
-6.689999999999999983e-04 3.173370239693329875e+00
-6.271999999999999797e-03 2.626830755832500142e+00
-7.190000000000000210e-04 3.251443298889999944e+00
-4.569999999999999952e-04 3.526920076280830152e+00
3.510999999999999798e-03 3.346187224156670137e+00
4.428999999999999777e-03 3.880491689511670117e+00
-1.224000000000000045e-03 3.776588480504170064e+00
4.520999999999999845e-03 3.291367351920829964e+00
1.325999999999999922e-03 3.184694893079170086e+00
-2.599999999999999840e-05 3.477675110559169891e+00
