-2.668999999999999932e-03 3.169671990200829903e+00
-1.750999999999999952e-03 2.633600530389999861e+00
-6.689999999999999983e-04 3.036585112575830081e+00
-6.271999999999999797e-03 2.808643797939999853e+00
-7.190000000000000210e-04 2.626259204186669916e+00
-4.569999999999999952e-04 3.346187224156670137e+00
3.510999999999999798e-03 3.067902501211670074e+00
4.428999999999999777e-03 2.885840342499169875e+00
-1.224000000000000045e-03 3.215854378122500190e+00
4.520999999999999845e-03 3.091088901733329841e+00
1.325999999999999922e-03 2.885840342499169875e+00
-2.599999999999999840e-05 3.477675110559169891e+00
