-2.668999999999999932e-03 3.169671990200829903e+00
-1.750999999999999952e-03 5.108370594225830175e+00
-6.689999999999999983e-04 5.225489637975000434e+00
-6.271999999999999797e-03 3.895020552933329938e+00
-7.190000000000000210e-04 4.648551074379169812e+00
-4.569999999999999952e-04 4.833012158949999915e+00
3.510999999999999798e-03 3.495623166204170129e+00
4.428999999999999777e-03 4.821713690833330013e+00
-1.224000000000000045e-03 5.073652547245830036e+00
4.520999999999999845e-03 3.091088901733329841e+00
1.325999999999999922e-03 4.980139354566669674e+00
-2.599999999999999840e-05 5.055352764300420354e+00
