-1.420000000000000092e-04 2.654003626677500005e+00
-8.000000000000000383e-04 3.288397554711670168e+00
2.590999999999999987e-03 2.672968507864169840e+00
9.399999999999999448e-05 2.423017778335830208e+00
-3.072000000000000078e-03 2.711261192726670100e+00
-1.909000000000000107e-03 2.649287264275829834e+00
2.165999999999999957e-03 3.067902501211670074e+00
1.856000000000000011e-03 2.626259204186669916e+00
3.983999999999999694e-03 2.631649450670829893e+00
2.599000000000000182e-03 3.291367351920829964e+00
-5.568000000000000033e-03 3.323327811357500217e+00
-1.799000000000000035e-03 3.069846176671669813e+00
