-7.385000000000000071e-03 2.861578711234169958e+00
-1.910999999999999938e-03 2.633600530389999861e+00
4.577000000000000339e-03 2.672968507864169840e+00
-2.620000000000000258e-04 2.952689113646670194e+00
1.100000000000000066e-03 3.323327811357500217e+00
1.817999999999999955e-03 2.649287264275829834e+00
-1.459999999999999926e-03 2.589181852388330096e+00
-1.624999999999999925e-03 2.693615501634170073e+00
-7.550000000000000287e-04 2.887873083694170173e+00
-2.282000000000000174e-03 2.972576940943330026e+00
5.905999999999999792e-03 2.952351001563330080e+00
2.279000000000000210e-03 2.887873083694170173e+00
