-7.385000000000000071e-03 2.312266639981670036e+00
-1.910999999999999938e-03 2.765161098790000160e+00
4.577000000000000339e-03 2.883400558382500201e+00
-2.620000000000000258e-04 2.423017778335830208e+00
1.100000000000000066e-03 3.179103135220830101e+00
1.817999999999999955e-03 3.455872847469169784e+00
-1.459999999999999926e-03 2.673386568951670039e+00
-1.624999999999999925e-03 2.934541733082919990e+00
-7.550000000000000287e-04 2.887873083694170173e+00
-2.282000000000000174e-03 2.445643564935000125e+00
5.905999999999999792e-03 2.603649359371670080e+00
2.279000000000000210e-03 3.136782875271669990e+00
