-7.385000000000000071e-03 2.382702705579999858e+00
-1.910999999999999938e-03 2.430726634215830018e+00
4.577000000000000339e-03 2.589181852388330096e+00
-2.620000000000000258e-04 2.903247350754170064e+00
1.100000000000000066e-03 2.848232117060829793e+00
1.817999999999999955e-03 2.858273230285830024e+00
-1.459999999999999926e-03 2.629654001907499872e+00
-1.624999999999999925e-03 3.057613053414999893e+00
-7.550000000000000287e-04 3.110932790737499953e+00
-2.282000000000000174e-03 2.445643564935000125e+00
5.905999999999999792e-03 2.638046463695829846e+00
2.279000000000000210e-03 2.645093309750000010e+00
