-7.066000000000000232e-03 3.695849826027500118e+00
7.126999999999999655e-03 3.288397554711670168e+00
-2.454000000000000018e-03 3.604012066843329976e+00
-7.905000000000000568e-03 3.776588480504170064e+00
5.929000000000000242e-03 3.506392218752500067e+00
3.857000000000000185e-03 3.159909139493750185e+00
-2.405000000000000020e-03 3.067902501211670074e+00
-3.869999999999999742e-04 3.802975839610000186e+00
6.212999999999999773e-03 3.630449961232499856e+00
-5.700000000000000205e-03 3.477675110559169891e+00
3.782999999999999904e-03 3.184694893079170086e+00
-9.929999999999999591e-04 3.679495149491669892e+00
