3.592999999999999840e-03 3.379376201191670148e+00
-3.291999999999999788e-03 2.765161098790000160e+00
3.425999999999999792e-03 3.036585112575830081e+00
1.327000000000000055e-03 3.455872847469169784e+00
-1.869999999999999917e-04 3.097709143024999889e+00
-5.550000000000000462e-04 2.920692407705829829e+00
-9.500000000000000523e-05 2.885840342499169875e+00
5.460000000000000443e-04 3.091088901733329841e+00
7.550000000000000287e-04 3.013554336649169940e+00
-6.564999999999999655e-03 3.091088901733329841e+00
1.126000000000000048e-03 2.603649359371670080e+00
-7.700000000000000139e-05 2.232839864690829845e+00
