-5.891999999999999668e-03 3.015176532494169948e+00
7.012000000000000004e-03 2.633600530389999861e+00
-7.489999999999999913e-04 2.883400558382500201e+00
-2.576999999999999864e-03 3.110932790737499953e+00
4.190000000000000148e-03 2.711261192726670100e+00
-7.610999999999999710e-03 2.920692407705829829e+00
-1.116999999999999937e-02 2.232839864690829845e+00
4.190000000000000148e-03 3.726146698654170031e+00
7.242000000000000173e-03 3.110932790737499953e+00
-1.072999999999999952e-03 2.607826392740829835e+00
2.086999999999999880e-03 3.064782091047499879e+00
4.350999999999999833e-03 2.887873083694170173e+00
