5.695999999999999674e-03 3.015176532494169948e+00
-1.132999999999999893e-03 2.885840342499169875e+00
7.749999999999999728e-04 2.672968507864169840e+00
9.851000000000000381e-03 2.885840342499169875e+00
-8.125999999999999543e-03 2.848232117060829793e+00
-3.423999999999999960e-03 3.069072470875830128e+00
3.498999999999999940e-03 3.133085635572499861e+00
-3.376000000000000095e-03 2.885840342499169875e+00
-5.146999999999999666e-03 3.013554336649169940e+00
3.869000000000000043e-03 2.718454609123329924e+00
-1.538000000000000088e-03 2.678153099920829838e+00
-9.460000000000000093e-04 2.689221729744169842e+00
