8.700000000000000051e-05 2.861578711234169958e+00
1.402999999999999950e-03 2.885840342499169875e+00
1.748999999999999904e-03 3.422678836278330028e+00
-6.898999999999999751e-03 2.626830755832500142e+00
4.438000000000000105e-03 3.380474998865000025e+00
9.959999999999999236e-04 4.041601257555829996e+00
-1.386999999999999995e-03 3.067902501211670074e+00
3.592000000000000141e-03 3.091088901733329841e+00
1.593999999999999931e-03 2.887873083694170173e+00
-1.331500000000000045e-02 3.649124527290830144e+00
5.824000000000000184e-03 3.323327811357500217e+00
1.917000000000000084e-03 3.069846176671669813e+00
