8.700000000000000051e-05 3.321491868097500078e+00
1.402999999999999950e-03 2.474262205700000106e+00
1.748999999999999904e-03 2.589181852388330096e+00
-6.898999999999999751e-03 2.885840342499169875e+00
4.438000000000000105e-03 2.848232117060829793e+00
9.959999999999999236e-04 2.649287264275829834e+00
-1.386999999999999995e-03 3.067902501211670074e+00
3.592000000000000141e-03 3.091088901733329841e+00
1.593999999999999931e-03 2.469620678989170148e+00
-1.331500000000000045e-02 2.972576940943330026e+00
5.824000000000000184e-03 3.382167333160829958e+00
1.917000000000000084e-03 2.887873083694170173e+00
