4.862000000000000002e-03 3.169671990200829903e+00
-2.367999999999999879e-03 3.100652486853329837e+00
-1.887999999999999921e-03 2.672968507864169840e+00
1.700000000000000122e-04 2.808643797939999853e+00
-5.899999999999999754e-05 3.251443298889999944e+00
-1.928999999999999942e-03 2.649287264275829834e+00
4.110000000000000155e-04 3.067902501211670074e+00
6.432000000000000217e-03 3.215854378122500190e+00
-2.550999999999999882e-03 4.278090181324169627e+00
-1.642000000000000013e-03 2.878675966484169901e+00
-4.237000000000000315e-03 3.184694893079170086e+00
2.799999999999999972e-03 3.477675110559169891e+00
