-1.879000000000000028e-03 3.169671990200829903e+00
-2.665999999999999967e-03 3.100652486853329837e+00
2.311000000000000120e-03 3.173370239693329875e+00
-1.162999999999999971e-03 3.895020552933329938e+00
-2.413999999999999913e-03 3.097709143024999889e+00
2.010000000000000068e-04 2.649287264275829834e+00
-3.000000000000000076e-05 3.346187224156670137e+00
1.474000000000000050e-03 3.091088901733329841e+00
-4.009999999999999893e-04 3.909846210603329819e+00
2.314000000000000085e-03 2.878675966484169901e+00
1.392999999999999924e-03 3.323327811357500217e+00
8.589999999999999546e-04 3.210370848814580125e+00
