1.559000000000000056e-03 3.321491868097500078e+00
-8.548999999999999308e-03 2.311288980515000091e+00
-2.439999999999999949e-04 3.036585112575830081e+00
6.394999999999999643e-03 2.423017778335830208e+00
-3.769000000000000215e-03 3.617742732074999967e+00
2.000000000000000042e-03 3.806315235661669849e+00
3.144000000000000093e-03 3.067902501211670074e+00
1.933000000000000039e-03 3.091088901733329841e+00
3.110000000000000243e-04 3.312606816262499976e+00
3.937999999999999660e-03 3.291367351920829964e+00
-1.458000000000000095e-03 2.678153099920829838e+00
-5.261000000000000051e-03 2.689221729744169842e+00
