-6.049999999999999606e-04 3.169671990200829903e+00
4.906999999999999904e-03 2.311288980515000091e+00
-3.972999999999999969e-03 3.036585112575830081e+00
8.796999999999999265e-03 2.626830755832500142e+00
-5.124000000000000082e-03 2.711261192726670100e+00
-3.376000000000000095e-03 2.649287264275829834e+00
5.756999999999999965e-03 3.067902501211670074e+00
-2.132000000000000214e-03 2.626259204186669916e+00
-7.526999999999999837e-03 3.312606816262499976e+00
3.154000000000000119e-03 2.878675966484169901e+00
3.108999999999999785e-03 3.435653489584169940e+00
-2.985999999999999939e-03 2.887873083694170173e+00
