2.906999999999999862e-03 3.015176532494169948e+00
-7.021000000000000331e-03 2.885840342499169875e+00
-1.479000000000000063e-03 2.672968507864169840e+00
-5.181999999999999974e-03 2.808643797939999853e+00
6.288000000000000186e-03 3.617742732074999967e+00
-1.773000000000000053e-03 3.346187224156670137e+00
2.361999999999999950e-03 3.067902501211670074e+00
-6.539999999999999590e-04 2.626259204186669916e+00
-1.064000000000000059e-03 3.110932790737499953e+00
2.383999999999999835e-03 3.091088901733329841e+00
5.259999999999999919e-04 3.064782091047499879e+00
2.704999999999999939e-03 2.887873083694170173e+00
