-7.429999999999999973e-03 2.861578711234169958e+00
1.376999999999999969e-03 2.885840342499169875e+00
-7.940000000000000009e-04 2.933572266770830161e+00
-1.744000000000000107e-03 2.696385052234170132e+00
2.211999999999999991e-03 2.848232117060829793e+00
3.559999999999999797e-03 3.272719868867500104e+00
2.829999999999999942e-04 2.463280187130830079e+00
8.862999999999999351e-03 2.797186331386670055e+00
1.005000000000000034e-03 2.887873083694170173e+00
-6.395999999999999776e-03 2.718454609123329924e+00
-1.626000000000000058e-03 2.788383731072499927e+00
6.899999999999999667e-04 2.969677835105830166e+00
