1.251200000000000055e-02 3.844232197199170198e+00
-1.116999999999999937e-03 3.100652486853329837e+00
-2.661999999999999870e-03 3.604012066843329976e+00
4.789999999999999879e-04 3.511233145875829909e+00
-2.661999999999999870e-03 3.807950787064999787e+00
-5.428999999999999798e-03 3.346187224156670137e+00
6.424000000000000023e-03 3.646319843685000173e+00
-5.760000000000000363e-03 3.448449969940829973e+00
-8.562999999999999431e-03 3.909846210603329819e+00
3.510000000000000099e-03 4.009164337077920415e+00
6.229999999999999644e-04 3.531499054073329980e+00
2.645000000000000216e-03 2.887873083694170173e+00
