-1.172999999999999998e-03 3.015176532494169948e+00
-3.299999999999999982e-04 2.633600530389999861e+00
1.917000000000000084e-03 2.672968507864169840e+00
7.110000000000000434e-04 3.383480405599999852e+00
5.361000000000000314e-03 3.097709143024999889e+00
1.430999999999999980e-03 3.670384358495829780e+00
-1.369999999999999961e-04 2.673386568951670039e+00
-5.399999999999999798e-05 3.091088901733329841e+00
-3.144999999999999792e-03 2.631649450670829893e+00
-5.531000000000000326e-03 2.878675966484169901e+00
-3.579999999999999741e-04 3.064782091047499879e+00
1.306000000000000086e-03 3.069846176671669813e+00
