-1.389999999999999905e-04 3.321491868097500078e+00
2.514000000000000175e-03 3.288397554711670168e+00
-3.210000000000000180e-03 2.883400558382500201e+00
4.147999999999999778e-03 2.952689113646670194e+00
-5.770000000000000389e-04 3.251443298889999944e+00
-4.917999999999999629e-03 2.649287264275829834e+00
2.046000000000000076e-03 3.791830801017499919e+00
3.141999999999999828e-03 2.429781636614170015e+00
-7.308000000000000260e-03 2.631649450670829893e+00
8.469999999999999881e-04 3.291367351920829964e+00
2.415000000000000046e-03 2.885840342499169875e+00
1.039999999999999909e-03 3.210370848814580125e+00
