6.700000000000000226e-05 2.861578711234169958e+00
5.446999999999999585e-03 2.633600530389999861e+00
1.387999999999999911e-03 3.173370239693329875e+00
-8.909999999999999734e-04 3.776588480504170064e+00
2.820000000000000241e-04 3.506392218752500067e+00
-2.439999999999999895e-03 2.649287264275829834e+00
-6.586999999999999973e-03 2.885840342499169875e+00
2.531999999999999963e-03 3.091088901733329841e+00
-3.217999999999999940e-03 3.312606816262499976e+00
-4.807999999999999774e-03 3.649124527290830144e+00
2.039999999999999984e-04 2.475586401600000208e+00
8.026000000000000148e-03 3.069846176671669813e+00
