-1.630000000000000047e-04 3.321491868097500078e+00
2.541999999999999989e-03 2.633600530389999861e+00
1.347000000000000107e-03 3.173370239693329875e+00
5.336999999999999730e-03 3.110932790737499953e+00
-4.514999999999999916e-03 3.251443298889999944e+00
4.169999999999999987e-04 3.159909139493750185e+00
-2.726999999999999823e-03 3.346187224156670137e+00
2.157000000000000063e-03 3.091088901733329841e+00
1.039999999999999936e-04 2.631649450670829893e+00
2.445999999999999824e-03 2.878675966484169901e+00
-7.901999999999999302e-03 2.885840342499169875e+00
9.579999999999999757e-04 3.210370848814580125e+00
