-5.448999999999999851e-03 2.861578711234169958e+00
-2.164000000000000125e-03 3.100652486853329837e+00
-1.454999999999999913e-03 2.672968507864169840e+00
-2.229999999999999994e-04 3.184694893079170086e+00
1.789999999999999870e-04 2.848232117060829793e+00
-8.869999999999999846e-04 3.159909139493750185e+00
4.832000000000000357e-03 3.067902501211670074e+00
-1.074999999999999914e-02 3.286509243044169803e+00
8.630000000000000518e-03 2.887873083694170173e+00
2.814000000000000095e-03 3.188253416951670083e+00
-3.112999999999999882e-03 3.064782091047499879e+00
7.588000000000000127e-03 2.604552662213329928e+00
