-3.118000000000000112e-03 2.861578711234169958e+00
3.191999999999999959e-03 3.554459934575830093e+00
1.213000000000000102e-03 3.310803478648329801e+00
-6.557999999999999594e-03 2.626830755832500142e+00
-4.710000000000000102e-04 3.380474998865000025e+00
-1.918000000000000000e-03 2.920692407705829829e+00
-1.039999999999999909e-03 2.463280187130830079e+00
3.334999999999999857e-03 3.333589427757500001e+00
3.681999999999999943e-03 2.887873083694170173e+00
-4.846999999999999746e-03 3.091088901733329841e+00
1.828999999999999897e-03 3.064782091047499879e+00
4.701999999999999583e-03 2.474262205700000106e+00
