-1.669999999999999935e-04 3.262258857515830002e+00
-3.206000000000000082e-03 2.542129123595000095e+00
2.344000000000000163e-03 2.933572266770830161e+00
-4.719999999999999803e-04 2.467626016108329878e+00
2.409999999999999816e-03 2.626259204186669916e+00
-5.212999999999999752e-03 2.743387412900830213e+00
4.951999999999999805e-03 3.067902501211670074e+00
-3.115000000000000147e-03 2.474262205700000106e+00
1.028000000000000051e-03 2.631649450670829893e+00
-1.600000000000000077e-03 2.491314450758329802e+00
3.176000000000000004e-03 2.632215619060000122e+00
-1.350000000000000017e-04 2.765161098790000160e+00
