2.501999999999999884e-03 3.844232197199170198e+00
2.253999999999999927e-03 3.288397554711670168e+00
1.186999999999999904e-03 3.310803478648329801e+00
-1.119999999999999983e-04 3.644814572479170067e+00
-4.667000000000000141e-03 3.097709143024999889e+00
1.374999999999999920e-03 3.346187224156670137e+00
-1.023499999999999931e-02 3.495623166204170129e+00
-1.464999999999999939e-03 3.333589427757500001e+00
5.523000000000000131e-03 3.110932790737499953e+00
-2.844999999999999873e-03 2.607826392740829835e+00
4.447000000000000432e-03 3.064782091047499879e+00
2.036000000000000049e-03 3.210370848814580125e+00
