-1.472999999999999917e-03 3.233430677506670126e+00
3.847999999999999858e-03 3.666104361145829937e+00
-2.664000000000000135e-03 3.226828308546669799e+00
-4.531999999999999570e-03 2.317647794300830011e+00
-1.170000000000000033e-03 2.602766760828330028e+00
1.441999999999999922e-03 2.761840708034999814e+00
-7.820000000000000345e-04 2.463280187130830079e+00
-3.333000000000000025e-03 3.292925788377500051e+00
6.087000000000000396e-03 2.469620678989170148e+00
2.713999999999999833e-03 2.678153099920829838e+00
9.600000000000000243e-04 3.247816749922499913e+00
-1.098000000000000018e-03 2.848232117060829793e+00
