-1.472999999999999917e-03 4.001390345366670154e+00
3.847999999999999858e-03 3.666104361145829937e+00
-2.664000000000000135e-03 3.422678836278330028e+00
-4.531999999999999570e-03 2.952689113646670194e+00
-1.170000000000000033e-03 3.617742732074999967e+00
1.441999999999999922e-03 3.346187224156670137e+00
-7.820000000000000345e-04 3.346187224156670137e+00
-3.333000000000000025e-03 3.333589427757500001e+00
6.087000000000000396e-03 2.887873083694170173e+00
2.713999999999999833e-03 3.649124527290830144e+00
9.600000000000000243e-04 3.184694893079170086e+00
-1.098000000000000018e-03 2.689221729744169842e+00
