-9.690000000000000262e-04 3.585468473592499983e+00
1.513000000000000022e-03 2.633600530389999861e+00
-2.073000000000000190e-03 2.883400558382500201e+00
-3.680000000000000003e-04 2.952689113646670194e+00
-1.420000000000000092e-04 3.097709143024999889e+00
-2.373000000000000109e-03 2.920692407705829829e+00
1.247000000000000062e-03 3.210439496352500033e+00
5.242000000000000132e-03 3.091088901733329841e+00
-1.840000000000000056e-03 2.887873083694170173e+00
-1.296999999999999976e-03 3.091088901733329841e+00
-3.867000000000000211e-03 3.323327811357500217e+00
4.926999999999999956e-03 3.477675110559169891e+00
