-9.690000000000000262e-04 3.844232197199170198e+00
1.513000000000000022e-03 3.432888597416670073e+00
-2.073000000000000190e-03 3.513360760031670083e+00
-3.680000000000000003e-04 2.952689113646670194e+00
-1.420000000000000092e-04 2.910003366371670008e+00
-2.373000000000000109e-03 3.346187224156670137e+00
1.247000000000000062e-03 4.575835962285830227e+00
5.242000000000000132e-03 3.649124527290830144e+00
-1.840000000000000056e-03 3.110932790737499953e+00
-1.296999999999999976e-03 3.291367351920829964e+00
-3.867000000000000211e-03 3.184694893079170086e+00
4.926999999999999956e-03 3.880491689511670117e+00
