-7.550000000000000287e-04 2.861578711234169958e+00
3.433999999999999986e-03 3.100652486853329837e+00
-4.559999999999999817e-03 2.672968507864169840e+00
8.040000000000000271e-04 3.511233145875829909e+00
3.599000000000000202e-03 3.097709143024999889e+00
1.618000000000000081e-03 3.159909139493750185e+00
2.890999999999999907e-03 2.673386568951670039e+00
-2.892000000000000039e-03 2.797186331386670055e+00
-1.115000000000000106e-03 3.110932790737499953e+00
-5.612999999999999934e-03 2.878675966484169901e+00
-1.172999999999999998e-03 3.531499054073329980e+00
3.761000000000000020e-03 2.689221729744169842e+00
