-6.350000000000000392e-04 2.861578711234169958e+00
-1.389999999999999905e-04 2.633600530389999861e+00
1.431999999999999896e-03 2.672968507864169840e+00
-7.782999999999999988e-03 2.696385052234170132e+00
-3.640000000000000006e-03 2.496194736433329897e+00
5.504000000000000212e-03 2.317647794300830011e+00
1.221999999999999996e-03 2.589181852388330096e+00
-5.839999999999999922e-04 2.626259204186669916e+00
5.079000000000000181e-03 2.469620678989170148e+00
-3.677000000000000147e-03 2.445643564935000125e+00
1.160999999999999923e-03 3.064782091047499879e+00
2.062000000000000031e-03 2.604552662213329928e+00
