-5.413599999999999662e-02 2.944368690737499961e+00
3.633999999999999730e-02 4.247850263393750048e+00
3.744200000000000306e-02 4.222085250333329931e+00
-6.052400000000000141e-02 2.589181852388330096e+00
3.051099999999999993e-02 3.774539812192499788e+00
2.921699999999999992e-02 3.884192074857499843e+00
-6.340999999999999415e-02 2.820009563544580100e+00
2.659999999999999865e-02 3.828427816206669831e+00
2.307999999999999982e-02 3.829339476090829919e+00
-5.830199999999999966e-02 2.678153099920829838e+00
3.007999999999999910e-02 4.034118856777499929e+00
2.310100000000000001e-02 3.651115497346249850e+00
