-5.413599999999999662e-02 3.015176532494169948e+00
3.633999999999999730e-02 3.495623166204170129e+00
3.744200000000000306e-02 3.263172902849170054e+00
-6.052400000000000141e-02 2.952689113646670194e+00
3.051099999999999993e-02 3.155022974242499778e+00
2.921699999999999992e-02 3.670384358495829780e+00
-6.340999999999999415e-02 2.885840342499169875e+00
2.659999999999999865e-02 3.215854378122500190e+00
2.307999999999999982e-02 3.312606816262499976e+00
-5.830199999999999966e-02 3.477675110559169891e+00
3.007999999999999910e-02 3.184694893079170086e+00
2.310100000000000001e-02 3.413696111180000159e+00
