-5.413599999999999662e-02 2.944368690737499961e+00
3.633999999999999730e-02 4.242891652345000431e+00
3.744200000000000306e-02 4.215327038077499644e+00
-6.052400000000000141e-02 2.507884720399169876e+00
3.051099999999999993e-02 3.784341186776670085e+00
2.921699999999999992e-02 3.880491689511670117e+00
-6.340999999999999415e-02 2.673386568951670039e+00
2.659999999999999865e-02 3.770752630660830107e+00
2.307999999999999982e-02 3.704138514148330064e+00
-5.830199999999999966e-02 2.607826392740829835e+00
3.007999999999999910e-02 3.972555745409999783e+00
2.310100000000000001e-02 3.651115497346249850e+00
