1.068099999999999952e-02 2.697573116506669866e+00
-4.275000000000000154e-03 2.704317027463329914e+00
2.811999999999999830e-03 2.538725780065000048e+00
3.047999999999999928e-03 2.696385052234170132e+00
2.779999999999999811e-04 2.649287264275829834e+00
-3.281000000000000062e-03 2.549201570745830203e+00
-4.153999999999999707e-03 2.885840342499169875e+00
-8.989999999999999511e-04 2.743859287471670072e+00
-1.343999999999999926e-03 2.509359416173329915e+00
-2.469999999999999865e-04 2.475586401600000208e+00
-1.598999999999999944e-03 2.952351001563330080e+00
-1.020000000000000073e-03 2.645093309750000010e+00
