-1.165999999999999936e-03 3.585468473592499983e+00
-1.935000000000000088e-03 3.432888597416670073e+00
5.611999999999999801e-03 3.173370239693329875e+00
-3.989999999999999949e-04 3.511233145875829909e+00
-3.676000000000000014e-03 3.097709143024999889e+00
-7.820000000000000562e-03 3.159909139493750185e+00
9.629999999999999671e-03 3.067902501211670074e+00
-3.304000000000000079e-03 2.797186331386670055e+00
-2.299999999999999961e-03 2.887873083694170173e+00
5.918999999999999782e-03 2.878675966484169901e+00
-2.314999999999999784e-03 3.184694893079170086e+00
1.753999999999999917e-03 3.477675110559169891e+00
