-1.165999999999999936e-03 3.015176532494169948e+00
-1.935000000000000088e-03 2.311288980515000091e+00
5.611999999999999801e-03 2.232839864690829845e+00
-3.989999999999999949e-04 2.423017778335830208e+00
-3.676000000000000014e-03 2.496194736433329897e+00
-7.820000000000000562e-03 2.317647794300830011e+00
9.629999999999999671e-03 2.589181852388330096e+00
-3.304000000000000079e-03 3.023647238655000180e+00
-2.299999999999999961e-03 2.631649450670829893e+00
5.918999999999999782e-03 2.878675966484169901e+00
-2.314999999999999784e-03 3.064782091047499879e+00
1.753999999999999917e-03 2.689221729744169842e+00
