-5.426000000000000267e-03 2.912275816651670013e+00
3.307000000000000044e-03 2.311288980515000091e+00
-7.799999999999999859e-05 2.672968507864169840e+00
2.400000000000000061e-04 3.257677341010829952e+00
-2.320000000000000014e-04 2.626259204186669916e+00
1.448999999999999984e-03 2.920692407705829829e+00
-3.497000000000000108e-03 3.133085635572499861e+00
-2.909999999999999826e-03 2.626259204186669916e+00
-3.230999999999999931e-03 3.215854378122500190e+00
1.161599999999999959e-02 2.607826392740829835e+00
4.829999999999999767e-04 2.603649359371670080e+00
-1.719999999999999958e-03 3.477675110559169891e+00
