2.844000000000000174e-03 2.654003626677500005e+00
-2.805000000000000202e-03 2.885840342499169875e+00
3.634000000000000077e-03 2.232839864690829845e+00
-9.299999999999999727e-05 3.110932790737499953e+00
-1.848000000000000033e-03 2.711261192726670100e+00
2.448000000000000089e-03 2.317647794300830011e+00
-2.105999999999999799e-03 2.673386568951670039e+00
3.722000000000000048e-03 2.429781636614170015e+00
1.069000000000000072e-03 2.308312228881669981e+00
-7.609999999999999577e-04 3.091088901733329841e+00
-3.163000000000000013e-03 3.184694893079170086e+00
-2.939000000000000206e-03 2.232839864690829845e+00
