4.629999999999999784e-04 3.169671990200829903e+00
-3.634000000000000077e-03 3.432888597416670073e+00
2.199000000000000000e-03 3.310803478648329801e+00
-5.236000000000000203e-03 3.644814572479170067e+00
1.193000000000000050e-03 2.910003366371670008e+00
4.073000000000000231e-03 3.159909139493750185e+00
5.330000000000000536e-04 3.346187224156670137e+00
1.069000000000000072e-03 3.448449969940829973e+00
2.821000000000000157e-03 3.110932790737499953e+00
-1.113999999999999973e-03 3.091088901733329841e+00
1.118000000000000070e-03 3.064782091047499879e+00
-3.488000000000000215e-03 3.333589427757500001e+00
