-5.543000000000000184e-03 2.568261339060830206e+00
1.988999999999999883e-03 3.001973113065830034e+00
-4.710000000000000102e-04 3.036585112575830081e+00
3.989999999999999949e-04 2.885840342499169875e+00
1.943000000000000066e-03 3.016202241574169829e+00
-9.330000000000000186e-04 2.808643797939999853e+00
6.849999999999999535e-04 2.961506094162499991e+00
-5.140000000000000254e-04 2.693615501634170073e+00
1.915999999999999951e-03 3.482246535817500099e+00
-6.755999999999999853e-03 2.607826392740829835e+00
3.395000000000000014e-03 3.531499054073329980e+00
3.889999999999999795e-03 3.288397554711670168e+00
