-5.543000000000000184e-03 4.069233654212499829e+00
1.988999999999999883e-03 3.046102442611669847e+00
-4.710000000000000102e-04 3.355650757164999831e+00
3.989999999999999949e-04 3.020744462050830137e+00
1.943000000000000066e-03 3.328611383865000217e+00
-9.330000000000000186e-04 3.297362457206669983e+00
6.849999999999999535e-04 2.835878956535830220e+00
-5.140000000000000254e-04 2.589181852388330096e+00
1.915999999999999951e-03 2.974168984337500099e+00
-6.755999999999999853e-03 3.291367351920829964e+00
3.395000000000000014e-03 2.678153099920829838e+00
3.889999999999999795e-03 3.413696111180000159e+00
