7.150000000000000105e-03 3.093129878573329883e+00
1.710000000000000094e-04 2.474262205700000106e+00
-3.606999999999999963e-03 2.466548709025830011e+00
2.739999999999999814e-03 3.063190989340829784e+00
-5.529999999999999976e-04 3.016202241574169829e+00
7.389999999999999651e-04 2.649287264275829834e+00
6.363999999999999865e-03 2.781334037115830160e+00
-6.279999999999999775e-04 2.885840342499169875e+00
-6.243000000000000285e-03 2.308312228881669981e+00
1.747999999999999988e-03 2.445643564935000125e+00
-4.480999999999999740e-03 2.788383731072499927e+00
-3.399999999999999811e-03 2.887873083694170173e+00
