1.800000000000000046e-05 2.511588017068330014e+00
2.010000000000000068e-04 2.559527934735830179e+00
9.879999999999999460e-04 2.744563651770000057e+00
-1.877999999999999895e-03 2.317647794300830011e+00
-2.900000000000000017e-04 2.602766760828330028e+00
-1.981000000000000122e-03 2.480167664599170152e+00
7.720000000000000083e-04 2.505195713344170017e+00
-3.468000000000000162e-03 2.321779771429170136e+00
5.670000000000000127e-04 2.509359416173329915e+00
4.709999999999999777e-03 2.878675966484169901e+00
1.345999999999999974e-03 2.559988916058329789e+00
-9.859999999999998974e-04 2.774105251354169965e+00
