-8.199999999999999824e-04 3.106786369261670178e+00
2.509999999999999753e-04 2.430726634215830018e+00
3.589999999999999875e-03 3.100652486853329837e+00
-3.171999999999999906e-03 2.507884720399169876e+00
6.289999999999999584e-03 2.663617178879170044e+00
-9.200000000000000278e-04 2.480167664599170152e+00
-3.579000000000000150e-03 2.589181852388330096e+00
1.868000000000000086e-03 2.346831842281670077e+00
-3.122999999999999908e-03 2.308312228881669981e+00
-2.896000000000000137e-03 2.475586401600000208e+00
2.782000000000000185e-03 2.603649359371670080e+00
-2.689999999999999791e-04 2.474262205700000106e+00
