-1.497500000000000046e-02 2.912275816651670013e+00
9.690000000000000696e-03 3.347122621728749969e+00
-7.680000000000000195e-04 2.933572266770830161e+00
-1.294799999999999944e-02 3.257677341010829952e+00
4.002999999999999614e-03 3.097709143024999889e+00
7.178999999999999618e-03 3.159909139493750185e+00
-4.964999999999999795e-03 3.133085635572499861e+00
1.119999999999999902e-03 2.885840342499169875e+00
3.555000000000000000e-03 3.110932790737499953e+00
2.563999999999999873e-03 3.188253416951670083e+00
6.459000000000000331e-03 3.435653489584169940e+00
-9.160000000000000390e-04 3.210370848814580125e+00
