-1.497500000000000046e-02 3.844232197199170198e+00
9.690000000000000696e-03 4.087409504922500325e+00
-7.680000000000000195e-04 4.022623598994170102e+00
-1.294799999999999944e-02 3.895020552933329938e+00
4.002999999999999614e-03 3.380474998865000025e+00
7.178999999999999618e-03 3.806315235661669849e+00
-4.964999999999999795e-03 3.791830801017499919e+00
1.119999999999999902e-03 4.119306999969169603e+00
3.555000000000000000e-03 3.630449961232499856e+00
2.563999999999999873e-03 3.649124527290830144e+00
6.459000000000000331e-03 3.323327811357500217e+00
-9.160000000000000390e-04 4.055398817091670161e+00
