-1.680999999999999986e-03 3.455872847469169784e+00
3.710999999999999889e-03 2.885840342499169875e+00
2.550999999999999882e-03 3.513360760031670083e+00
-4.179000000000000423e-03 3.776588480504170064e+00
-4.890000000000000249e-03 2.711261192726670100e+00
8.440000000000000236e-04 3.159909139493750185e+00
-5.569999999999999864e-04 3.346187224156670137e+00
3.050999999999999893e-03 3.531499054073329980e+00
3.964999999999999775e-03 2.308312228881669981e+00
-6.715999999999999748e-03 4.519602254879170111e+00
1.639999999999999965e-03 2.885840342499169875e+00
2.260999999999999989e-03 2.887873083694170173e+00
