-3.899000000000000122e-03 2.511588017068330014e+00
-1.941999999999999933e-03 2.430726634215830018e+00
4.460999999999999688e-03 2.744563651770000057e+00
-3.425999999999999792e-03 2.808643797939999853e+00
2.830000000000000050e-03 2.496194736433329897e+00
-5.950000000000000427e-03 2.317647794300830011e+00
4.362999999999999691e-03 2.536010068907919912e+00
-4.438000000000000105e-03 2.626259204186669916e+00
4.768999999999999802e-03 2.887873083694170173e+00
-2.357999999999999853e-03 2.775401040593330038e+00
6.350000000000000392e-04 2.475586401600000208e+00
4.955000000000000203e-03 2.632013715937500109e+00
