-3.899000000000000122e-03 2.452747889534999892e+00
-1.941999999999999933e-03 3.100652486853329837e+00
4.460999999999999688e-03 2.466548709025830011e+00
-3.425999999999999792e-03 2.808643797939999853e+00
2.830000000000000050e-03 2.496194736433329897e+00
-5.950000000000000427e-03 2.920692407705829829e+00
4.362999999999999691e-03 2.673386568951670039e+00
-4.438000000000000105e-03 2.797186331386670055e+00
4.768999999999999802e-03 3.312606816262499976e+00
-2.357999999999999853e-03 3.291367351920829964e+00
6.350000000000000392e-04 2.678153099920829838e+00
4.955000000000000203e-03 2.887873083694170173e+00
