1.990000000000000015e-03 3.455872847469169784e+00
1.072999999999999952e-03 3.853854074026669796e+00
4.578999999999999737e-03 4.022623598994170102e+00
1.988000000000000184e-03 3.895020552933329938e+00
-9.985000000000000819e-03 3.807950787064999787e+00
-2.348999999999999960e-03 3.806315235661669849e+00
2.130000000000000003e-04 4.120457393643330413e+00
-2.503000000000000017e-03 3.531499054073329980e+00
-2.880000000000000073e-04 3.110932790737499953e+00
7.842000000000000012e-03 3.649124527290830144e+00
-3.147000000000000058e-03 4.196252185907500376e+00
5.860000000000000408e-04 3.592552239576670026e+00
