4.680000000000000132e-03 2.861578711234169958e+00
-1.165999999999999936e-03 3.100652486853329837e+00
-1.188000000000000037e-03 2.883400558382500201e+00
-1.440000000000000091e-03 3.257677341010829952e+00
6.970000000000000284e-04 2.910003366371670008e+00
8.999999999999999754e-04 3.159909139493750185e+00
-1.144000000000000052e-03 3.646319843685000173e+00
1.838999999999999923e-03 2.626259204186669916e+00
-8.710000000000000294e-04 3.110932790737499953e+00
-7.540000000000000044e-04 3.091088901733329841e+00
-2.028999999999999988e-03 3.323327811357500217e+00
4.769999999999999934e-04 2.887873083694170173e+00
