-5.176000000000000045e-03 3.695849826027500118e+00
-2.079000000000000119e-03 2.885840342499169875e+00
2.772000000000000158e-03 3.173370239693329875e+00
-4.769999999999999934e-03 3.776588480504170064e+00
1.425999999999999967e-03 3.097709143024999889e+00
5.350999999999999854e-03 3.159909139493750185e+00
2.040000000000000147e-03 3.346187224156670137e+00
-4.379000000000000080e-03 2.934541733082919990e+00
-1.861000000000000024e-03 3.312606816262499976e+00
-2.415000000000000046e-03 2.607826392740829835e+00
-5.959999999999999586e-04 3.184694893079170086e+00
9.688000000000000431e-03 2.887873083694170173e+00
