1.412999999999999977e-03 3.093129878573329883e+00
-5.269000000000000246e-03 2.765161098790000160e+00
-3.563999999999999894e-03 2.933572266770830161e+00
6.250000000000000347e-03 2.885840342499169875e+00
-5.127999999999999746e-03 2.848232117060829793e+00
-6.342999999999999680e-03 2.649287264275829834e+00
8.760000000000000425e-03 2.885840342499169875e+00
-1.998999999999999909e-03 3.023647238655000180e+00
3.171000000000000207e-03 3.312606816262499976e+00
3.072000000000000078e-03 2.972576940943330026e+00
-2.856000000000000032e-03 3.064782091047499879e+00
2.492999999999999990e-03 2.689221729744169842e+00
