4.353000000000000098e-03 2.654003626677500005e+00
6.056999999999999884e-03 3.666104361145829937e+00
-1.968000000000000131e-03 2.466548709025830011e+00
3.305999999999999911e-03 2.808643797939999853e+00
5.073000000000000252e-03 3.251443298889999944e+00
-1.240999999999999916e-03 2.920692407705829829e+00
-1.118000000000000070e-03 2.232839864690829845e+00
3.719999999999999891e-04 3.091088901733329841e+00
-1.273600000000000079e-02 3.110932790737499953e+00
2.154000000000000099e-03 3.091088901733329841e+00
-2.360999999999999818e-03 2.678153099920829838e+00
-1.892999999999999934e-03 3.069846176671669813e+00
