-3.322999999999999999e-03 3.015176532494169948e+00
4.270999999999999623e-03 2.885840342499169875e+00
4.036999999999999790e-03 3.422678836278330028e+00
-4.701000000000000317e-03 2.808643797939999853e+00
2.200000000000000078e-04 2.711261192726670100e+00
2.250999999999999963e-03 2.649287264275829834e+00
-6.348999999999999609e-03 2.885840342499169875e+00
1.600999999999999993e-03 2.797186331386670055e+00
2.454000000000000018e-03 3.110932790737499953e+00
4.679999999999999915e-04 2.878675966484169901e+00
1.033000000000000064e-03 3.064782091047499879e+00
-1.962999999999999901e-03 2.689221729744169842e+00
