-3.322999999999999999e-03 3.169671990200829903e+00
4.270999999999999623e-03 3.666104361145829937e+00
4.036999999999999790e-03 3.036585112575830081e+00
-4.701000000000000317e-03 3.776588480504170064e+00
2.200000000000000078e-04 3.097709143024999889e+00
2.250999999999999963e-03 3.159909139493750185e+00
-6.348999999999999609e-03 3.210439496352500033e+00
1.600999999999999993e-03 3.091088901733329841e+00
2.454000000000000018e-03 3.312606816262499976e+00
4.679999999999999915e-04 4.242891652345000431e+00
1.033000000000000064e-03 3.064782091047499879e+00
-1.962999999999999901e-03 3.795196248818749840e+00
