-2.341999999999999898e-03 2.568261339060830206e+00
6.938999999999999856e-03 2.474262205700000106e+00
2.299999999999999961e-03 2.672968507864169840e+00
-5.991999999999999930e-03 2.423017778335830208e+00
2.601000000000000013e-03 2.848232117060829793e+00
3.004999999999999859e-03 2.649287264275829834e+00
-4.840999999999999817e-03 2.463280187130830079e+00
-4.278999999999999818e-03 2.512724427256670001e+00
3.063999999999999883e-03 2.469620678989170148e+00
-7.466000000000000414e-03 2.718454609123329924e+00
8.139000000000000401e-03 2.475586401600000208e+00
-1.126999999999999964e-03 2.232839864690829845e+00
