-2.263999999999999953e-03 3.455872847469169784e+00
-5.127999999999999746e-03 4.056631797484169688e+00
-1.897999999999999948e-03 4.312844454132079619e+00
3.282999999999999894e-03 3.449778895975830206e+00
1.337999999999999997e-03 4.258123535331669984e+00
-1.271999999999999910e-03 4.432081382836670080e+00
5.891999999999999668e-03 3.346187224156670137e+00
1.077999999999999965e-03 3.969616113101670063e+00
-1.015999999999999976e-03 3.692919181488329983e+00
1.691999999999999928e-03 3.477675110559169891e+00
-2.157000000000000063e-03 4.066575157409999974e+00
4.519999999999999821e-04 3.820290863960829952e+00
