-2.263999999999999953e-03 3.455872847469169784e+00
-5.127999999999999746e-03 4.010809329086669983e+00
-1.897999999999999948e-03 4.297122628800829958e+00
3.282999999999999894e-03 3.449778895975830206e+00
1.337999999999999997e-03 4.157748948542500322e+00
-1.271999999999999910e-03 4.477142684961670227e+00
5.891999999999999668e-03 3.210439496352500033e+00
1.077999999999999965e-03 3.910355013090000220e+00
-1.015999999999999976e-03 3.776588480504170064e+00
1.691999999999999928e-03 3.538474061318329866e+00
-2.157000000000000063e-03 4.052894267909169734e+00
4.519999999999999821e-04 3.755696646532499905e+00
