-2.263999999999999953e-03 3.321491868097500078e+00
-5.127999999999999746e-03 3.432888597416670073e+00
-1.897999999999999948e-03 3.036585112575830081e+00
3.282999999999999894e-03 3.383480405599999852e+00
1.337999999999999997e-03 3.712643095899999857e+00
-1.271999999999999910e-03 3.932697512993330147e+00
5.891999999999999668e-03 2.885840342499169875e+00
1.077999999999999965e-03 3.802975839610000186e+00
-1.015999999999999976e-03 4.052894267909169734e+00
1.691999999999999928e-03 3.091088901733329841e+00
-2.157000000000000063e-03 3.531499054073329980e+00
4.519999999999999821e-04 3.210370848814580125e+00
