-2.426000000000000205e-03 2.861578711234169958e+00
-1.219999999999999947e-03 3.001973113065830034e+00
2.808999999999999865e-03 3.310803478648329801e+00
-7.640000000000000306e-04 2.952689113646670194e+00
1.614999999999999899e-03 2.711261192726670100e+00
-4.939999999999999730e-04 3.526920076280830152e+00
4.101999999999999744e-03 2.885840342499169875e+00
-3.886999999999999830e-03 3.023647238655000180e+00
-1.482999999999999943e-03 2.768565300648750060e+00
3.521999999999999957e-03 2.718454609123329924e+00
-5.976999999999999674e-03 3.323327811357500217e+00
4.202000000000000006e-03 3.210370848814580125e+00
