-2.426000000000000205e-03 3.321491868097500078e+00
-1.219999999999999947e-03 3.288397554711670168e+00
2.808999999999999865e-03 3.173370239693329875e+00
-7.640000000000000306e-04 3.644814572479170067e+00
1.614999999999999899e-03 3.251443298889999944e+00
-4.939999999999999730e-04 3.806315235661669849e+00
4.101999999999999744e-03 3.495623166204170129e+00
-3.886999999999999830e-03 3.649124527290830144e+00
-1.482999999999999943e-03 3.630449961232499856e+00
3.521999999999999957e-03 3.091088901733329841e+00
-5.976999999999999674e-03 3.323327811357500217e+00
4.202000000000000006e-03 2.887873083694170173e+00
