-2.426000000000000205e-03 3.169671990200829903e+00
-1.219999999999999947e-03 3.288397554711670168e+00
2.808999999999999865e-03 3.036585112575830081e+00
-7.640000000000000306e-04 3.776588480504170064e+00
1.614999999999999899e-03 3.506392218752500067e+00
-4.939999999999999730e-04 3.346187224156670137e+00
4.101999999999999744e-03 3.346187224156670137e+00
-3.886999999999999830e-03 2.934541733082919990e+00
-1.482999999999999943e-03 2.887873083694170173e+00
3.521999999999999957e-03 3.477675110559169891e+00
-5.976999999999999674e-03 3.721864029499169835e+00
4.202000000000000006e-03 2.887873083694170173e+00
