-8.689999999999999808e-04 3.321491868097500078e+00
-1.013999999999999927e-03 3.432888597416670073e+00
3.634000000000000077e-03 3.812336454999170066e+00
1.332000000000000068e-03 2.952689113646670194e+00
-1.363000000000000062e-03 3.617742732074999967e+00
-3.631000000000000113e-03 3.346187224156670137e+00
-1.039999999999999909e-03 2.885840342499169875e+00
2.716000000000000098e-03 2.934541733082919990e+00
-2.373999999999999808e-03 3.312606816262499976e+00
3.102000000000000157e-03 3.649124527290830144e+00
1.647999999999999942e-03 3.435653489584169940e+00
-2.138999999999999842e-03 2.689221729744169842e+00
