1.660999999999999933e-03 3.321491868097500078e+00
7.489999999999999913e-04 3.554459934575830093e+00
-4.836000000000000021e-03 4.052894267909169734e+00
4.021000000000000268e-03 3.110932790737499953e+00
-2.622000000000000199e-03 3.895020552933329938e+00
-2.356000000000000021e-03 4.041601257555829996e+00
3.877999999999999937e-03 3.067902501211670074e+00
-3.937000000000000395e-03 2.934541733082919990e+00
-3.880999999999999901e-03 3.776588480504170064e+00
7.559999999999999880e-03 2.607826392740829835e+00
-1.928999999999999942e-03 3.802975839610000186e+00
1.691999999999999928e-03 3.477675110559169891e+00
