-8.545999999999999777e-03 3.246110927219170161e+00
7.438000000000000167e-03 5.641221124370829898e+00
-1.031999999999999931e-03 5.276271408684999997e+00
-5.342000000000000394e-03 3.257677341010829952e+00
7.546999999999999889e-03 5.451334205762499607e+00
6.510000000000000162e-03 5.469771985490829991e+00
-4.847999999999999879e-03 3.585468473592499983e+00
4.179000000000000423e-03 5.387176587846670195e+00
-9.470000000000000336e-04 5.527757217726249728e+00
-6.615000000000000220e-03 4.242891652345000431e+00
2.873999999999999819e-03 5.634818957261249928e+00
-1.219000000000000031e-03 5.470426702580000189e+00
