-8.545999999999999777e-03 3.246110927219170161e+00
7.438000000000000167e-03 6.591329441694170121e+00
-1.031999999999999931e-03 6.014443846652500092e+00
-5.342000000000000394e-03 3.257677341010829952e+00
7.546999999999999889e-03 6.455867132885000359e+00
6.510000000000000162e-03 6.301697594219169751e+00
-4.847999999999999879e-03 3.710068789301669945e+00
4.179000000000000423e-03 6.455867132885000359e+00
-9.470000000000000336e-04 6.296759971220000196e+00
-6.615000000000000220e-03 4.242891652345000431e+00
2.873999999999999819e-03 6.546039795841670283e+00
-1.219000000000000031e-03 6.455867132885000359e+00
