-2.050000000000000173e-03 3.455872847469169784e+00
2.965999999999999887e-03 3.554459934575830093e+00
2.021999999999999926e-03 3.759098109651669795e+00
1.835999999999999958e-03 4.598627814842499717e+00
1.889999999999999970e-03 3.964814229963330217e+00
-7.228000000000000050e-03 3.526920076280830152e+00
5.460000000000000443e-04 3.939983452114999896e+00
-1.446000000000000020e-03 3.802975839610000186e+00
3.750000000000000078e-04 3.482246535817500099e+00
1.353000000000000036e-03 2.878675966484169901e+00
3.350000000000000113e-03 4.007227840135420216e+00
-3.615999999999999857e-03 4.292771147901669693e+00
