-4.772000000000000200e-03 2.568261339060830206e+00
1.449999999999999900e-03 2.633600530389999861e+00
-2.527000000000000166e-03 2.883400558382500201e+00
-4.209000000000000068e-03 2.885840342499169875e+00
4.856000000000000073e-03 3.097709143024999889e+00
7.190000000000000210e-04 2.808643797939999853e+00
5.710000000000000015e-04 2.673386568951670039e+00
5.322999999999999607e-03 2.885840342499169875e+00
2.130000000000000003e-04 2.768565300648750060e+00
-7.429999999999999539e-04 2.718454609123329924e+00
-8.000000000000000383e-04 2.788383731072499927e+00
-8.200000000000000095e-05 2.887873083694170173e+00
