-4.772000000000000200e-03 3.015176532494169948e+00
1.449999999999999900e-03 3.432888597416670073e+00
-2.527000000000000166e-03 3.036585112575830081e+00
-4.209000000000000068e-03 3.511233145875829909e+00
4.856000000000000073e-03 2.711261192726670100e+00
7.190000000000000210e-04 2.920692407705829829e+00
5.710000000000000015e-04 3.495623166204170129e+00
5.322999999999999607e-03 3.448449969940829973e+00
2.130000000000000003e-04 3.110932790737499953e+00
-7.429999999999999539e-04 3.649124527290830144e+00
-8.000000000000000383e-04 3.064782091047499879e+00
-8.200000000000000095e-05 3.477675110559169891e+00
