-4.772000000000000200e-03 3.169671990200829903e+00
1.449999999999999900e-03 3.100652486853329837e+00
-2.527000000000000166e-03 3.036585112575830081e+00
-4.209000000000000068e-03 3.511233145875829909e+00
4.856000000000000073e-03 3.617742732074999967e+00
7.190000000000000210e-04 2.649287264275829834e+00
5.710000000000000015e-04 3.210439496352500033e+00
5.322999999999999607e-03 3.091088901733329841e+00
2.130000000000000003e-04 4.052894267909169734e+00
-7.429999999999999539e-04 3.807950787064999787e+00
-8.000000000000000383e-04 2.885840342499169875e+00
-8.200000000000000095e-05 2.887873083694170173e+00
