-5.647000000000000110e-03 2.940510601260000190e+00
5.526999999999999795e-03 2.808643797939999853e+00
5.157000000000000126e-03 2.968813010024169863e+00
2.219000000000000052e-03 2.475586401600000208e+00
-4.916000000000000231e-03 2.626259204186669916e+00
-2.226000000000000114e-03 2.874774386328330156e+00
-1.044000000000000006e-03 2.505195713344170017e+00
2.008999999999999935e-03 2.475852877672500174e+00
1.783000000000000080e-03 2.811460543843330218e+00
-4.534999999999999969e-03 2.788383731072499927e+00
5.265999999999999848e-03 2.788383731072499927e+00
-3.592999999999999840e-03 2.474262205700000106e+00
