-4.518000000000000314e-03 2.861578711234169958e+00
3.160000000000000048e-03 2.633600530389999861e+00
-1.474999999999999966e-03 2.883400558382500201e+00
-1.428999999999999932e-03 2.626830755832500142e+00
-3.452999999999999906e-03 2.711261192726670100e+00
5.648000000000000242e-03 3.526920076280830152e+00
-4.620000000000000083e-04 3.067902501211670074e+00
-1.137999999999999906e-03 2.626259204186669916e+00
8.520000000000000013e-04 3.482246535817500099e+00
2.710999999999999868e-03 2.607826392740829835e+00
6.799999999999999946e-05 2.475586401600000208e+00
3.499999999999999693e-05 2.474262205700000106e+00
