-1.768000000000000040e-03 2.452747889534999892e+00
4.708000000000000379e-03 2.430726634215830018e+00
3.079000000000000140e-03 2.508423063531670216e+00
-2.739999999999999923e-04 2.423017778335830208e+00
-5.231999999999999672e-03 2.243391379300000210e+00
4.176000000000000024e-03 2.447809453425830117e+00
2.112000000000000162e-03 2.536010068907919912e+00
1.239000000000000084e-03 2.626259204186669916e+00
-5.908000000000000057e-03 2.689340842610420168e+00
-3.220000000000000206e-03 2.380319232107499960e+00
-2.439999999999999949e-04 2.430169277362080216e+00
1.332000000000000068e-03 2.604552662213329928e+00
