2.138999999999999842e-03 8.939539235586670074e+00
-8.122000000000000747e-03 7.656181689396669654e+00
-7.427999999999999707e-03 7.757757090885830209e+00
9.530999999999999542e-03 8.107754513827499565e+00
-5.006000000000000033e-03 7.215645178688330219e+00
-1.253999999999999906e-03 7.463627789011249902e+00
6.681000000000000306e-03 7.860004022561669856e+00
-3.657999999999999793e-03 7.523468784598329684e+00
2.528999999999999998e-03 7.486369615220000107e+00
7.392000000000000133e-03 8.736718451675830721e+00
1.694999999999999892e-03 7.617834171959169787e+00
-4.499000000000000395e-03 7.486369615220000107e+00
