-7.280000000000000230e-04 2.940510601260000190e+00
-2.910999999999999959e-03 2.633600530389999861e+00
-4.130000000000000099e-04 3.222992597024170180e+00
5.425000000000000135e-03 3.169671990200829903e+00
4.867999999999999931e-03 2.243391379300000210e+00
-7.445000000000000229e-03 2.808643797939999853e+00
-3.519999999999999908e-04 2.673386568951670039e+00
2.667000000000000100e-03 2.693615501634170073e+00
1.968999999999999830e-03 2.308312228881669981e+00
-3.667999999999999820e-03 2.678153099920829838e+00
2.609999999999999907e-03 2.559988916058329789e+00
-2.020999999999999793e-03 2.999914926195000220e+00
