-8.689999999999999808e-04 3.844232197199170198e+00
-1.013999999999999927e-03 3.666104361145829937e+00
3.634000000000000077e-03 3.310803478648329801e+00
1.332000000000000068e-03 3.776588480504170064e+00
-1.363000000000000062e-03 3.380474998865000025e+00
-3.631000000000000113e-03 3.346187224156670137e+00
-1.039999999999999909e-03 4.329717412763329776e+00
2.716000000000000098e-03 3.333589427757500001e+00
-2.373999999999999808e-03 3.630449961232499856e+00
3.102000000000000157e-03 5.017114411072499891e+00
1.647999999999999942e-03 3.880491689511670117e+00
-2.138999999999999842e-03 3.210370848814580125e+00
