3.540999999999999877e-03 2.568261339060830206e+00
-5.995000000000000329e-03 2.400690230925830004e+00
-5.871000000000000350e-03 2.538725780065000048e+00
-4.394000000000000336e-03 2.324573183525830089e+00
1.693999999999999976e-03 2.454013226995829910e+00
-6.080000000000000335e-04 2.528375025735829951e+00
3.595999999999999804e-03 2.629654001907499872e+00
-2.010000000000000068e-04 2.474262205700000106e+00
2.407999999999999984e-03 2.811460543843330218e+00
3.687999999999999872e-03 2.352914665270000150e+00
1.490000000000000005e-03 2.301459009267500022e+00
6.520000000000000188e-04 2.632013715937500109e+00
