3.540999999999999877e-03 2.753895383479170178e+00
-5.995000000000000329e-03 2.792574898266670047e+00
-5.871000000000000350e-03 3.173370239693329875e+00
-4.394000000000000336e-03 2.346783439344170219e+00
1.693999999999999976e-03 2.663617178879170044e+00
-6.080000000000000335e-04 2.850361196566669975e+00
3.595999999999999804e-03 2.319846410246670043e+00
-2.010000000000000068e-04 2.356150360470000038e+00
2.407999999999999984e-03 2.631649450670829893e+00
3.687999999999999872e-03 2.765161098790000160e+00
1.490000000000000005e-03 2.559988916058329789e+00
6.520000000000000188e-04 2.429781636614170015e+00
