2.327000000000000075e-03 3.015176532494169948e+00
3.350000000000000113e-04 3.778970952814999951e+00
3.289999999999999739e-04 3.422678836278330028e+00
-5.789999999999999791e-04 3.511233145875829909e+00
2.469999999999999973e-03 3.380474998865000025e+00
-8.769999999999999584e-04 3.526920076280830152e+00
-9.659999999999999533e-04 2.885840342499169875e+00
7.150000000000000322e-04 2.797186331386670055e+00
-2.771000000000000026e-03 3.630449961232499856e+00
-4.029999999999999837e-04 3.807950787064999787e+00
2.147000000000000037e-03 3.645774654929999858e+00
-2.726999999999999823e-03 3.477675110559169891e+00
