-4.719000000000000104e-03 2.753895383479170178e+00
4.499999999999999877e-04 2.765161098790000160e+00
-1.962000000000000202e-03 3.091088901733329841e+00
3.874999999999999972e-03 2.661497839056670145e+00
-5.858000000000000360e-03 2.649287264275829834e+00
1.557000000000000007e-03 2.317647794300830011e+00
-1.103000000000000031e-03 2.725757177794999819e+00
7.399999999999999623e-05 3.136782875271669990e+00
4.525999999999999641e-03 2.689340842610420168e+00
3.187000000000000163e-03 2.678153099920829838e+00
4.889000000000000117e-03 2.986731498590830203e+00
-4.915000000000000098e-03 2.935205808074170086e+00
