-4.719000000000000104e-03 2.654003626677500005e+00
4.499999999999999877e-04 3.100652486853329837e+00
-1.962000000000000202e-03 2.724967182811670163e+00
3.874999999999999972e-03 3.110932790737499953e+00
-5.858000000000000360e-03 3.057613053414999893e+00
1.557000000000000007e-03 3.159909139493750185e+00
-1.103000000000000031e-03 2.928909497554999852e+00
7.399999999999999623e-05 2.999914926195000220e+00
4.525999999999999641e-03 3.198459249767500179e+00
3.187000000000000163e-03 3.207663253976670070e+00
4.889000000000000117e-03 2.826493615375829993e+00
-4.915000000000000098e-03 2.887873083694170173e+00
