-4.719000000000000104e-03 2.654003626677500005e+00
4.499999999999999877e-04 2.633600530389999861e+00
-1.962000000000000202e-03 2.672968507864169840e+00
3.874999999999999972e-03 2.808643797939999853e+00
-5.858000000000000360e-03 3.964814229963330217e+00
1.557000000000000007e-03 2.649287264275829834e+00
-1.103000000000000031e-03 3.791830801017499919e+00
7.399999999999999623e-05 2.934541733082919990e+00
4.525999999999999641e-03 3.312606816262499976e+00
3.187000000000000163e-03 3.477675110559169891e+00
4.889000000000000117e-03 2.475586401600000208e+00
-4.915000000000000098e-03 2.232839864690829845e+00
