-7.122999999999999991e-03 2.289589200871669838e+00
6.799000000000000356e-03 2.497864669178329944e+00
-3.972999999999999969e-03 2.753173320285000170e+00
-1.396000000000000105e-03 2.331366552131670211e+00
-3.932999999999999864e-03 2.606641160441669935e+00
6.152999999999999615e-03 2.528375025735829951e+00
2.187000000000000142e-03 2.346783439344170219e+00
-1.386000000000000079e-03 2.547721301190830179e+00
3.501999999999999905e-03 2.808255726972499922e+00
-5.890000000000000053e-04 2.511803401541670144e+00
3.860000000000000150e-03 2.540913314275830004e+00
-4.101999999999999744e-03 2.521293151842499913e+00
