-7.122999999999999991e-03 2.568261339060830206e+00
6.799000000000000356e-03 3.729465082537500198e+00
-3.972999999999999969e-03 3.670384358495829780e+00
-1.396000000000000105e-03 3.063190989340829784e+00
-3.932999999999999864e-03 3.783358151691670113e+00
6.152999999999999615e-03 4.292921012097499656e+00
2.187000000000000142e-03 2.673386568951670039e+00
-1.386000000000000079e-03 3.947143318049170180e+00
3.501999999999999905e-03 3.776588480504170064e+00
-5.890000000000000053e-04 2.445643564935000125e+00
3.860000000000000150e-03 3.964814229963330217e+00
-4.101999999999999744e-03 2.969677835105830166e+00
