-7.122999999999999991e-03 2.312266639981670036e+00
6.799000000000000356e-03 2.474262205700000106e+00
-3.972999999999999969e-03 2.538725780065000048e+00
-1.396000000000000105e-03 2.903247350754170064e+00
-3.932999999999999864e-03 2.589181852388330096e+00
6.152999999999999615e-03 2.874774386328330156e+00
2.187000000000000142e-03 3.210439496352500033e+00
-1.386000000000000079e-03 3.377146882650829962e+00
3.501999999999999905e-03 2.555674054861249989e+00
-5.890000000000000053e-04 2.607826392740829835e+00
3.860000000000000150e-03 2.788383731072499927e+00
-4.101999999999999744e-03 2.546066821140830161e+00
