-7.122999999999999991e-03 2.491314450758329802e+00
6.799000000000000356e-03 3.177663578958330071e+00
-3.972999999999999969e-03 3.084361234114170180e+00
-1.396000000000000105e-03 2.475586401600000208e+00
-3.932999999999999864e-03 2.670454800385829941e+00
6.152999999999999615e-03 3.244326992354999994e+00
2.187000000000000142e-03 3.111940425351670036e+00
-1.386000000000000079e-03 2.892101740358330009e+00
3.501999999999999905e-03 2.725349361449170171e+00
-5.890000000000000053e-04 2.687025693544169869e+00
3.860000000000000150e-03 2.929832756996670007e+00
-4.101999999999999744e-03 2.639459988824170100e+00
