-7.122999999999999991e-03 2.405876617690000163e+00
6.799000000000000356e-03 2.497864669178329944e+00
-3.972999999999999969e-03 2.796095389295830014e+00
-1.396000000000000105e-03 2.331366552131670211e+00
-3.932999999999999864e-03 2.606641160441669935e+00
6.152999999999999615e-03 2.850361196566669975e+00
2.187000000000000142e-03 2.633600530389999861e+00
-1.386000000000000079e-03 2.547721301190830179e+00
3.501999999999999905e-03 2.808255726972499922e+00
-5.890000000000000053e-04 2.511803401541670144e+00
3.860000000000000150e-03 2.577307773282500047e+00
-4.101999999999999744e-03 2.324573183525830089e+00
