6.608000000000000158e-03 2.452747889534999892e+00
9.759999999999999796e-04 2.512724427256670001e+00
-2.949999999999999931e-03 2.744563651770000057e+00
2.449999999999999921e-04 2.626830755832500142e+00
1.039999999999999936e-04 2.602766760828330028e+00
-3.459999999999999968e-03 2.549201570745830203e+00
7.837000000000000216e-03 2.536010068907919912e+00
-8.533999999999999919e-03 2.429781636614170015e+00
-1.458000000000000095e-03 2.509359416173329915e+00
7.294000000000000136e-03 2.678153099920829838e+00
-3.542000000000000010e-03 2.388292510494169907e+00
-3.119999999999999944e-03 2.533613390202920090e+00
