6.608000000000000158e-03 2.312266639981670036e+00
9.759999999999999796e-04 2.474262205700000106e+00
-2.949999999999999931e-03 2.775401040593330038e+00
2.449999999999999921e-04 2.507884720399169876e+00
1.039999999999999936e-04 2.357709953982499940e+00
-3.459999999999999968e-03 2.480167664599170152e+00
7.837000000000000216e-03 2.463280187130830079e+00
-8.533999999999999919e-03 2.512724427256670001e+00
-1.458000000000000095e-03 2.631649450670829893e+00
7.294000000000000136e-03 2.445643564935000125e+00
-3.542000000000000010e-03 2.475586401600000208e+00
-3.119999999999999944e-03 2.808643797939999853e+00
