6.608000000000000158e-03 3.015176532494169948e+00
9.759999999999999796e-04 3.432888597416670073e+00
-2.949999999999999931e-03 3.513360760031670083e+00
2.449999999999999921e-04 3.383480405599999852e+00
1.039999999999999936e-04 3.617742732074999967e+00
-3.459999999999999968e-03 3.346187224156670137e+00
7.837000000000000216e-03 3.939983452114999896e+00
-8.533999999999999919e-03 3.091088901733329841e+00
-1.458000000000000095e-03 3.312606816262499976e+00
7.294000000000000136e-03 3.091088901733329841e+00
-3.542000000000000010e-03 3.435653489584169940e+00
-3.119999999999999944e-03 3.477675110559169891e+00
