3.285999999999999859e-03 2.568261339060830206e+00
3.660000000000000059e-04 2.808643797939999853e+00
-1.797999999999999902e-03 2.968813010024169863e+00
2.468999999999999841e-03 2.589181852388330096e+00
-2.475000000000000203e-03 2.711261192726670100e+00
7.200000000000000182e-05 3.038116324811670044e+00
1.271999999999999910e-03 2.289589200871669838e+00
-2.132999999999999913e-03 2.743859287471670072e+00
2.599999999999999840e-05 2.429462958750829848e+00
2.334000000000000137e-03 3.013554336649169940e+00
-1.685000000000000083e-03 2.678153099920829838e+00
-1.734000000000000081e-03 2.632013715937500109e+00
