-6.049999999999999606e-04 2.654003626677500005e+00
4.906999999999999904e-03 3.288397554711670168e+00
-3.972999999999999969e-03 3.310803478648329801e+00
8.796999999999999265e-03 2.952689113646670194e+00
-5.124000000000000082e-03 3.506392218752500067e+00
-3.376000000000000095e-03 2.649287264275829834e+00
5.756999999999999965e-03 3.067902501211670074e+00
-2.132000000000000214e-03 3.215854378122500190e+00
-7.526999999999999837e-03 3.110932790737499953e+00
3.154000000000000119e-03 3.091088901733329841e+00
3.108999999999999785e-03 2.885840342499169875e+00
-2.985999999999999939e-03 2.887873083694170173e+00
