-9.636999999999999733e-03 2.505195713344170017e+00
6.516000000000000091e-03 2.400690230925830004e+00
2.814000000000000095e-03 2.377425097835829781e+00
-4.145000000000000247e-03 2.668316020831670077e+00
2.557999999999999944e-03 2.390931923247920032e+00
-2.569999999999999802e-03 2.447809453425830117e+00
-1.188999999999999953e-03 2.261782542057920065e+00
3.565000000000000027e-03 2.319557372324169808e+00
2.290000000000000098e-04 2.308312228881669981e+00
-8.850000000000000444e-04 2.469334480261669906e+00
5.220000000000000031e-04 2.368634131573749801e+00
2.223000000000000149e-03 2.431667557999170004e+00
