-9.636999999999999733e-03 2.505195713344170017e+00
6.516000000000000091e-03 2.474262205700000106e+00
2.814000000000000095e-03 2.499396536429169924e+00
-4.145000000000000247e-03 2.538863866220829824e+00
2.557999999999999944e-03 2.452747889534999892e+00
-2.569999999999999802e-03 2.549201570745830203e+00
-1.188999999999999953e-03 2.418504708534999992e+00
3.565000000000000027e-03 2.587428754504999873e+00
2.290000000000000098e-04 2.308312228881669981e+00
-8.850000000000000444e-04 2.469334480261669906e+00
5.220000000000000031e-04 2.437869985673330131e+00
2.223000000000000149e-03 2.312401127123330014e+00
