2.488999999999999893e-03 3.321491868097500078e+00
4.734999999999999626e-03 3.100652486853329837e+00
-3.804999999999999789e-03 3.036585112575830081e+00
-7.066000000000000232e-03 3.257677341010829952e+00
2.069999999999999900e-04 2.496194736433329897e+00
-3.655999999999999962e-03 2.317647794300830011e+00
1.448000000000000068e-03 2.885840342499169875e+00
-1.720000000000000066e-04 3.333589427757500001e+00
1.392000000000000008e-03 3.110932790737499953e+00
-7.839999999999999747e-04 2.878675966484169901e+00
3.222000000000000038e-03 3.064782091047499879e+00
1.991000000000000148e-03 2.689221729744169842e+00
