-5.722999999999999789e-03 2.753895383479170178e+00
-3.373000000000000130e-03 2.311288980515000091e+00
-3.196000000000000056e-03 2.466548709025830011e+00
4.072000000000000099e-03 2.885840342499169875e+00
-8.850000000000000444e-04 2.910003366371670008e+00
7.429999999999999539e-04 2.649287264275829834e+00
8.118000000000000216e-03 2.961506094162499991e+00
-5.204000000000000292e-03 3.023647238655000180e+00
-1.005999999999999950e-03 2.631649450670829893e+00
1.094900000000000040e-02 2.972576940943330026e+00
8.279999999999999600e-04 3.113367012274169898e+00
-5.322000000000000342e-03 2.808643797939999853e+00
