1.469000000000000037e-03 2.898798900257499866e+00
5.478000000000000230e-03 2.474262205700000106e+00
-4.569999999999999952e-04 2.625396740836670073e+00
-4.263000000000000296e-03 2.673386568951670039e+00
2.876999999999999783e-03 2.867187828557499873e+00
1.590000000000000050e-03 2.808643797939999853e+00
2.933999999999999976e-03 2.463280187130830079e+00
-1.910000000000000077e-04 2.512724427256670001e+00
6.299999999999999990e-05 2.631649450670829893e+00
-8.580000000000000820e-03 2.669900500290829815e+00
-2.390999999999999896e-03 2.788383731072499927e+00
1.469999999999999953e-03 2.645093309750000010e+00
