5.010000000000000347e-04 2.485565274278330072e+00
-8.345999999999999253e-03 2.765161098790000160e+00
-7.040000000000000251e-03 3.036585112575830081e+00
5.197000000000000230e-03 2.661497839056670145e+00
-4.403999999999999929e-03 2.496194736433329897e+00
-3.970999999999999704e-03 2.858273230285830024e+00
1.090799999999999929e-02 2.746812194639169924e+00
-3.056000000000000123e-03 2.429781636614170015e+00
6.241000000000000020e-03 2.308312228881669981e+00
4.640000000000000027e-03 2.934857571999169856e+00
-2.396999999999999825e-03 2.745468116239170087e+00
1.727000000000000019e-03 2.689221729744169842e+00
