5.010000000000000347e-04 2.892300137293330131e+00
-8.345999999999999253e-03 2.311288980515000091e+00
-7.040000000000000251e-03 2.744563651770000057e+00
5.197000000000000230e-03 2.885840342499169875e+00
-4.403999999999999929e-03 2.579338222557499893e+00
-3.970999999999999704e-03 2.549201570745830203e+00
1.090799999999999929e-02 2.463280187130830079e+00
-3.056000000000000123e-03 2.429781636614170015e+00
6.241000000000000020e-03 2.811460543843330218e+00
4.640000000000000027e-03 2.678153099920829838e+00
-2.396999999999999825e-03 2.885840342499169875e+00
1.727000000000000019e-03 2.774105251354169965e+00
