5.010000000000000347e-04 2.704317027463329914e+00
-8.345999999999999253e-03 3.181931512569169840e+00
-7.040000000000000251e-03 3.115562594936669871e+00
5.197000000000000230e-03 2.626830755832500142e+00
-4.403999999999999929e-03 2.808643797939999853e+00
-3.970999999999999704e-03 2.874774386328330156e+00
1.090799999999999929e-02 2.885840342499169875e+00
-3.056000000000000123e-03 2.626259204186669916e+00
6.241000000000000020e-03 2.974168984337500099e+00
4.640000000000000027e-03 2.475586401600000208e+00
-2.396999999999999825e-03 3.372972760521249835e+00
1.727000000000000019e-03 2.969677835105830166e+00
