-6.750000000000000357e-04 2.898798900257499866e+00
1.195000000000000099e-03 2.430726634215830018e+00
3.680999999999999810e-03 2.615942333617499838e+00
-3.164000000000000146e-03 3.028416978842499940e+00
-2.677999999999999825e-03 2.874774386328330156e+00
3.047999999999999928e-03 2.761840708034999814e+00
-2.322999999999999978e-03 2.920692407705829829e+00
2.993000000000000001e-03 2.512724427256670001e+00
2.233999999999999875e-03 2.631649450670829893e+00
-2.932000000000000144e-03 2.934857571999169856e+00
6.179999999999999513e-04 2.388292510494169907e+00
-2.000000000000000042e-03 2.942225368186670131e+00
