-6.750000000000000357e-04 2.452747889534999892e+00
1.195000000000000099e-03 2.633600530389999861e+00
3.680999999999999810e-03 2.883400558382500201e+00
-3.164000000000000146e-03 2.952689113646670194e+00
-2.677999999999999825e-03 2.910003366371670008e+00
3.047999999999999928e-03 3.526920076280830152e+00
-2.322999999999999978e-03 3.346187224156670137e+00
2.993000000000000001e-03 2.797186331386670055e+00
2.233999999999999875e-03 3.312606816262499976e+00
-2.932000000000000144e-03 2.878675966484169901e+00
6.179999999999999513e-04 2.885840342499169875e+00
-2.000000000000000042e-03 3.210370848814580125e+00
