-1.761999999999999894e-03 3.695849826027500118e+00
-6.899999999999999667e-05 2.633600530389999861e+00
5.730000000000000501e-04 2.232839864690829845e+00
-2.488000000000000194e-03 3.776588480504170064e+00
-3.491999999999999878e-03 3.097709143024999889e+00
1.730000000000000038e-04 3.346187224156670137e+00
2.889000000000000075e-03 3.210439496352500033e+00
-7.420000000000000380e-04 3.215854378122500190e+00
4.287000000000000012e-03 3.312606816262499976e+00
-3.550999999999999903e-03 3.649124527290830144e+00
3.001000000000000195e-03 3.323327811357500217e+00
1.182000000000000108e-03 2.689221729744169842e+00
