-4.719000000000000104e-03 3.093129878573329883e+00
4.499999999999999877e-04 3.179103135220830101e+00
-1.962000000000000202e-03 3.263172902849170054e+00
3.874999999999999972e-03 3.454348209295829975e+00
-5.858000000000000360e-03 2.874774386328330156e+00
1.557000000000000007e-03 2.649287264275829834e+00
-1.103000000000000031e-03 3.146851732145830027e+00
7.399999999999999623e-05 3.333589427757500001e+00
4.525999999999999641e-03 2.833650752064170053e+00
3.187000000000000163e-03 3.161525229510830037e+00
4.889000000000000117e-03 3.366600399103329977e+00
-4.915000000000000098e-03 2.761840708034999814e+00
