-4.719000000000000104e-03 2.861578711234169958e+00
4.499999999999999877e-04 2.885840342499169875e+00
-1.962000000000000202e-03 3.222992597024170180e+00
3.874999999999999972e-03 2.661497839056670145e+00
-5.858000000000000360e-03 2.808643797939999853e+00
1.557000000000000007e-03 2.317647794300830011e+00
-1.103000000000000031e-03 2.928909497554999852e+00
7.399999999999999623e-05 3.048830441496670041e+00
4.525999999999999641e-03 2.704317027463329914e+00
3.187000000000000163e-03 2.661497839056670145e+00
4.889000000000000117e-03 2.978133857925000072e+00
-4.915000000000000098e-03 2.848232117060829793e+00
