-4.719000000000000104e-03 2.452747889534999892e+00
4.499999999999999877e-04 3.181931512569169840e+00
-1.962000000000000202e-03 2.775401040593330038e+00
3.874999999999999972e-03 2.874774386328330156e+00
-5.858000000000000360e-03 3.016202241574169829e+00
1.557000000000000007e-03 2.920692407705829829e+00
-1.103000000000000031e-03 2.928909497554999852e+00
7.399999999999999623e-05 3.057613053414999893e+00
4.525999999999999641e-03 2.974168984337500099e+00
3.187000000000000163e-03 3.207663253976670070e+00
4.889000000000000117e-03 2.978133857925000072e+00
-4.915000000000000098e-03 2.887873083694170173e+00
