3.749999999999999861e-03 4.171942512845830286e+00
-2.162999999999999992e-03 3.432888597416670073e+00
-1.077000000000000049e-03 2.883400558382500201e+00
5.322999999999999607e-03 3.776588480504170064e+00
1.585000000000000037e-03 3.380474998865000025e+00
-5.741999999999999708e-03 3.670384358495829780e+00
7.905999999999999833e-03 3.067902501211670074e+00
-8.271999999999999839e-03 3.802975839610000186e+00
-1.119999999999999983e-04 3.482246535817500099e+00
5.259999999999999919e-04 3.477675110559169891e+00
-2.505999999999999981e-03 3.184694893079170086e+00
7.799999999999999859e-04 3.333589427757500001e+00
