1.039999999999999909e-03 3.015176532494169948e+00
2.240999999999999936e-03 3.432888597416670073e+00
-2.670000000000000064e-03 2.883400558382500201e+00
-1.567999999999999949e-03 3.383480405599999852e+00
1.299999999999999940e-03 3.097709143024999889e+00
3.259000000000000178e-03 3.346187224156670137e+00
-2.629999999999999959e-04 3.346187224156670137e+00
-2.497999999999999787e-03 2.797186331386670055e+00
5.472999999999999567e-03 3.110932790737499953e+00
-1.403399999999999960e-02 3.807950787064999787e+00
1.994999999999999812e-03 2.475586401600000208e+00
5.723999999999999921e-03 3.477675110559169891e+00
