1.039999999999999909e-03 4.171942512845830286e+00
2.240999999999999936e-03 2.311288980515000091e+00
-2.670000000000000064e-03 2.672968507864169840e+00
-1.567999999999999949e-03 3.644814572479170067e+00
1.299999999999999940e-03 3.097709143024999889e+00
3.259000000000000178e-03 3.159909139493750185e+00
-2.629999999999999959e-04 3.067902501211670074e+00
-2.497999999999999787e-03 2.429781636614170015e+00
5.472999999999999567e-03 2.887873083694170173e+00
-1.403399999999999960e-02 2.878675966484169901e+00
1.994999999999999812e-03 3.435653489584169940e+00
5.723999999999999921e-03 3.069846176671669813e+00
