-1.389999999999999905e-04 2.704317027463329914e+00
6.999999999999999895e-06 3.001973113065830034e+00
-1.260999999999999968e-03 2.808643797939999853e+00
2.203999999999999796e-03 2.475586401600000208e+00
-2.801999999999999803e-03 3.047021664560829901e+00
-6.150000000000000085e-03 3.252808126464170169e+00
6.174999999999999933e-03 2.820009563544580100e+00
-5.741999999999999708e-03 2.726517886825829962e+00
-1.061000000000000094e-03 3.052105581597500006e+00
6.649999999999999661e-03 3.091088901733329841e+00
-4.020000000000000136e-04 2.764557671674999995e+00
2.521999999999999936e-03 2.887873083694170173e+00
