-1.389999999999999905e-04 2.793218121180829794e+00
6.999999999999999895e-06 2.885840342499169875e+00
-1.260999999999999968e-03 2.615942333617499838e+00
2.203999999999999796e-03 2.589181852388330096e+00
-2.801999999999999803e-03 2.788383731072499927e+00
-6.150000000000000085e-03 2.447809453425830117e+00
6.174999999999999933e-03 2.362386496003329839e+00
-5.741999999999999708e-03 2.887873083694170173e+00
-1.061000000000000094e-03 3.052105581597500006e+00
6.649999999999999661e-03 2.718454609123329924e+00
-4.020000000000000136e-04 2.764557671674999995e+00
2.521999999999999936e-03 2.969677835105830166e+00
