8.450000000000000479e-04 3.585468473592499983e+00
-3.449999999999999833e-04 3.432888597416670073e+00
6.329999999999999906e-04 3.310803478648329801e+00
-8.710000000000000294e-04 2.952689113646670194e+00
-7.709999999999999840e-04 3.380474998865000025e+00
-2.546999999999999785e-03 2.649287264275829834e+00
-1.472999999999999917e-03 2.885840342499169875e+00
1.049999999999999935e-03 3.091088901733329841e+00
-4.620000000000000083e-04 3.110932790737499953e+00
1.087999999999999991e-03 3.091088901733329841e+00
3.989999999999999949e-04 2.678153099920829838e+00
2.455000000000000151e-03 3.069846176671669813e+00
