8.450000000000000479e-04 3.015176532494169948e+00
-3.449999999999999833e-04 3.288397554711670168e+00
6.329999999999999906e-04 3.036585112575830081e+00
-8.710000000000000294e-04 3.110932790737499953e+00
-7.709999999999999840e-04 3.506392218752500067e+00
-2.546999999999999785e-03 2.920692407705829829e+00
-1.472999999999999917e-03 2.463280187130830079e+00
1.049999999999999935e-03 3.333589427757500001e+00
-4.620000000000000083e-04 2.631649450670829893e+00
1.087999999999999991e-03 3.291367351920829964e+00
3.989999999999999949e-04 2.885840342499169875e+00
2.455000000000000151e-03 2.887873083694170173e+00
