-9.779999999999999197e-04 3.321491868097500078e+00
1.368000000000000075e-03 2.311288980515000091e+00
4.405000000000000061e-03 2.883400558382500201e+00
-5.997999999999999859e-03 3.644814572479170067e+00
3.836000000000000000e-03 3.506392218752500067e+00
3.670000000000000085e-03 3.806315235661669849e+00
-6.741999999999999729e-03 2.885840342499169875e+00
-3.634000000000000077e-03 3.215854378122500190e+00
2.825999999999999953e-03 2.887873083694170173e+00
-2.079999999999999872e-04 3.477675110559169891e+00
2.788000000000000114e-03 3.323327811357500217e+00
-1.332000000000000068e-03 2.689221729744169842e+00
