-2.657000000000000074e-03 3.015176532494169948e+00
7.399000000000000195e-03 3.432888597416670073e+00
2.489999999999999809e-04 2.672968507864169840e+00
-1.699999999999999905e-03 2.808643797939999853e+00
-2.314000000000000085e-03 3.251443298889999944e+00
1.539999999999999919e-03 3.670384358495829780e+00
5.512999999999999672e-03 2.885840342499169875e+00
-1.876000000000000063e-03 2.934541733082919990e+00
-1.759999999999999954e-04 3.630449961232499856e+00
-3.272999999999999868e-03 3.091088901733329841e+00
-1.023000000000000038e-03 3.184694893079170086e+00
-1.681999999999999901e-03 2.887873083694170173e+00
