1.984000000000000086e-03 3.695849826027500118e+00
1.890000000000000133e-04 3.853854074026669796e+00
-8.360000000000000460e-04 3.310803478648329801e+00
2.194000000000000204e-03 4.238871912685829635e+00
-3.069999999999999812e-03 3.251443298889999944e+00
-2.700000000000000035e-04 3.346187224156670137e+00
2.328000000000000208e-03 3.346187224156670137e+00
2.149999999999999947e-04 4.171942512845830286e+00
-9.820000000000000170e-04 3.909846210603329819e+00
-1.087999999999999991e-03 4.009164337077920415e+00
-1.170000000000000033e-03 4.100217209804170260e+00
5.069999999999999637e-04 4.231106808075000281e+00
