-1.476000000000000098e-03 3.585468473592499983e+00
3.159999999999999832e-04 3.288397554711670168e+00
-1.791000000000000057e-03 2.672968507864169840e+00
7.069999999999999462e-04 3.511233145875829909e+00
1.500000000000000038e-05 2.910003366371670008e+00
8.750000000000000182e-04 2.920692407705829829e+00
-1.850000000000000082e-03 2.885840342499169875e+00
-5.760000000000000146e-04 3.091088901733329841e+00
4.249999999999999763e-04 2.631649450670829893e+00
3.017999999999999849e-03 3.091088901733329841e+00
-1.381999999999999982e-03 3.184694893079170086e+00
1.719000000000000042e-03 3.210370848814580125e+00
