4.446000000000000299e-03 2.654003626677500005e+00
-5.309999999999999616e-03 2.885840342499169875e+00
-1.038000000000000077e-03 3.604012066843329976e+00
4.202000000000000006e-03 3.511233145875829909e+00
-4.043999999999999852e-03 3.097709143024999889e+00
-4.271999999999999756e-03 2.649287264275829834e+00
2.844999999999999873e-03 3.067902501211670074e+00
-1.698999999999999989e-03 3.091088901733329841e+00
-1.036000000000000029e-03 2.631649450670829893e+00
5.360000000000000181e-04 2.878675966484169901e+00
2.220999999999999884e-03 2.885840342499169875e+00
3.148999999999999889e-03 3.069846176671669813e+00
