3.250999999999999984e-03 2.529297295644170163e+00
1.082000000000000062e-03 2.567688199874170074e+00
1.484999999999999992e-03 2.344033176328330192e+00
4.180000000000000230e-04 2.744094539089999785e+00
-1.106999999999999911e-03 2.808643797939999853e+00
-4.031999999999999994e-03 2.745016748119169847e+00
-2.456999999999999983e-03 2.760794564627500058e+00
5.689999999999999529e-04 2.650664258896669789e+00
2.919999999999999853e-03 2.564070355465830175e+00
1.178000000000000011e-03 2.467554493188329978e+00
-3.801000000000000125e-03 2.820117702077499899e+00
4.929999999999999487e-04 2.353246176541670120e+00
