3.371999999999999997e-03 3.015176532494169948e+00
-3.899999999999999929e-04 3.554459934575830093e+00
-9.290000000000000297e-04 3.604012066843329976e+00
-2.426999999999999904e-03 2.423017778335830208e+00
1.647999999999999942e-03 2.910003366371670008e+00
-1.482000000000000027e-03 3.455872847469169784e+00
-1.810000000000000085e-04 2.885840342499169875e+00
-8.390000000000000105e-04 2.797186331386670055e+00
-1.039999999999999936e-04 3.776588480504170064e+00
2.008999999999999935e-03 2.607826392740829835e+00
1.649000000000000075e-03 3.184694893079170086e+00
-2.327000000000000075e-03 3.477675110559169891e+00
