3.970999999999999704e-03 2.654003626677500005e+00
7.089999999999999948e-04 2.885840342499169875e+00
-1.845000000000000069e-03 2.466548709025830011e+00
8.829999999999999958e-04 2.952689113646670194e+00
-1.232000000000000022e-03 2.711261192726670100e+00
-7.827999999999999889e-03 3.159909139493750185e+00
4.578999999999999737e-03 3.346187224156670137e+00
-3.546999999999999806e-03 2.934541733082919990e+00
1.758999999999999930e-03 2.631649450670829893e+00
4.014000000000000207e-03 2.878675966484169901e+00
-1.378000000000000102e-03 2.475586401600000208e+00
-8.399999999999999535e-05 2.689221729744169842e+00
