-5.180000000000000143e-04 3.321491868097500078e+00
3.435000000000000119e-03 3.100652486853329837e+00
3.227999999999999967e-03 3.036585112575830081e+00
-3.066000000000000149e-03 3.257677341010829952e+00
-2.570999999999999935e-03 2.910003366371670008e+00
-2.001000000000000174e-03 2.920692407705829829e+00
-1.019999999999999992e-04 3.346187224156670137e+00
8.009999999999999542e-04 2.626259204186669916e+00
-3.849999999999999798e-04 2.887873083694170173e+00
-2.435000000000000098e-03 3.649124527290830144e+00
4.055999999999999710e-03 3.435653489584169940e+00
-4.440000000000000045e-04 2.887873083694170173e+00
