-4.266999999999999960e-03 3.015176532494169948e+00
1.789999999999999870e-04 2.311288980515000091e+00
5.011999999999999962e-03 2.883400558382500201e+00
-5.490000000000000088e-04 3.257677341010829952e+00
1.402999999999999950e-03 2.910003366371670008e+00
-4.146000000000000379e-03 2.649287264275829834e+00
-3.902999999999999785e-03 3.067902501211670074e+00
3.237999999999999993e-03 2.626259204186669916e+00
3.171000000000000207e-03 2.887873083694170173e+00
-5.753000000000000301e-03 2.878675966484169901e+00
-3.300000000000000253e-05 2.885840342499169875e+00
5.647000000000000110e-03 3.477675110559169891e+00
