-1.034599999999999929e-02 2.324573183525830089e+00
-2.638000000000000154e-03 2.569779095269999925e+00
-5.303000000000000422e-03 2.775401040593330038e+00
7.472999999999999608e-03 2.507884720399169876e+00
-1.278999999999999972e-03 2.788383731072499927e+00
1.134999999999999941e-03 2.850361196566669975e+00
3.098000000000000059e-03 2.835878956535830220e+00
3.304000000000000079e-03 2.710566246439169991e+00
8.559999999999999901e-04 2.833650752064170053e+00
5.651999999999999906e-03 2.718454609123329924e+00
-1.955000000000000140e-03 2.521293151842499913e+00
3.000000000000000076e-06 2.689221729744169842e+00
