-1.034599999999999929e-02 2.324573183525830089e+00
-2.638000000000000154e-03 2.569779095269999925e+00
-5.303000000000000422e-03 2.724967182811670163e+00
7.472999999999999608e-03 2.507884720399169876e+00
-1.278999999999999972e-03 2.663617178879170044e+00
1.134999999999999941e-03 3.081781024138329883e+00
3.098000000000000059e-03 3.146851732145830027e+00
3.304000000000000079e-03 2.710566246439169991e+00
8.559999999999999901e-04 2.768565300648750060e+00
5.651999999999999906e-03 2.718454609123329924e+00
-1.955000000000000140e-03 2.740632651080829874e+00
3.000000000000000076e-06 2.999914926195000220e+00
