4.934000000000000018e-03 2.861578711234169958e+00
1.987000000000000051e-03 2.633600530389999861e+00
1.502000000000000080e-03 3.036585112575830081e+00
1.995999999999999944e-03 2.423017778335830208e+00
1.263999999999999933e-03 3.097709143024999889e+00
-5.654000000000000171e-03 3.159909139493750185e+00
-2.223999999999999849e-03 2.885840342499169875e+00
-1.425999999999999967e-03 2.232839864690829845e+00
-3.037000000000000203e-03 2.308312228881669981e+00
2.730000000000000222e-04 2.607826392740829835e+00
-1.688000000000000047e-03 2.475586401600000208e+00
2.072000000000000057e-03 3.210370848814580125e+00
