-5.759000000000000230e-03 3.585468473592499983e+00
1.116000000000000021e-03 3.100652486853329837e+00
7.076999999999999957e-03 3.036585112575830081e+00
-6.560999999999999992e-03 3.383480405599999852e+00
3.516000000000000028e-03 2.711261192726670100e+00
8.063000000000000722e-03 2.920692407705829829e+00
-6.649999999999999661e-03 3.210439496352500033e+00
-1.982999999999999954e-03 3.333589427757500001e+00
1.484999999999999992e-03 2.887873083694170173e+00
-4.880999999999999922e-03 2.878675966484169901e+00
5.518000000000000335e-03 2.885840342499169875e+00
-9.409999999999999962e-04 2.887873083694170173e+00
