-3.151000000000000155e-03 3.455872847469169784e+00
-1.744000000000000107e-03 3.666104361145829937e+00
-2.703999999999999806e-03 3.604012066843329976e+00
-5.839999999999999922e-04 3.511233145875829909e+00
2.373000000000000109e-03 3.712643095899999857e+00
-3.376999999999999794e-03 3.159909139493750185e+00
5.843000000000000103e-03 3.791830801017499919e+00
-4.752000000000000147e-03 3.091088901733329841e+00
2.027999999999999855e-03 3.312606816262499976e+00
5.553999999999999909e-03 3.477675110559169891e+00
8.710000000000000294e-04 3.064782091047499879e+00
-3.570000000000000040e-04 3.880491689511670117e+00
