2.860000000000000129e-03 3.169671990200829903e+00
-2.445000000000000125e-03 3.666104361145829937e+00
-1.039999999999999936e-04 3.422678836278330028e+00
-1.025000000000000086e-03 4.052894267909169734e+00
1.791000000000000057e-03 2.910003366371670008e+00
1.025000000000000086e-03 3.526920076280830152e+00
1.213000000000000102e-03 3.067902501211670074e+00
1.700000000000000122e-04 3.726146698654170031e+00
-5.265999999999999848e-03 3.776588480504170064e+00
5.786999999999999610e-03 2.878675966484169901e+00
-1.226000000000000093e-03 3.064782091047499879e+00
-2.781000000000000052e-03 3.477675110559169891e+00
