3.422999999999999828e-03 3.455872847469169784e+00
1.900000000000000105e-05 3.100652486853329837e+00
2.423999999999999939e-03 3.310803478648329801e+00
7.360000000000000006e-04 2.808643797939999853e+00
-1.252999999999999991e-03 3.251443298889999944e+00
-6.829000000000000001e-03 3.526920076280830152e+00
5.609999999999999752e-04 3.067902501211670074e+00
-2.507999999999999813e-03 2.429781636614170015e+00
5.069999999999999637e-04 3.312606816262499976e+00
1.557999999999999923e-03 3.807950787064999787e+00
8.310000000000000329e-04 3.645774654929999858e+00
5.310000000000000050e-04 3.477675110559169891e+00
