1.881000000000000076e-03 2.753895383479170178e+00
-1.440000000000000036e-04 2.633600530389999861e+00
-6.570000000000000319e-04 2.672968507864169840e+00
-8.080000000000000160e-04 2.885840342499169875e+00
3.170000000000000075e-04 2.626259204186669916e+00
-1.915999999999999951e-03 2.649287264275829834e+00
3.615000000000000158e-03 2.589181852388330096e+00
-1.294000000000000011e-03 2.797186331386670055e+00
-6.960000000000000041e-04 3.013554336649169940e+00
6.300000000000000261e-04 2.607826392740829835e+00
-9.899999999999999404e-05 2.952351001563330080e+00
-8.289999999999999843e-04 2.808643797939999853e+00
