1.497000000000000067e-03 3.321491868097500078e+00
-2.181999999999999912e-03 3.432888597416670073e+00
-7.550000000000000287e-04 3.036585112575830081e+00
3.203000000000000118e-03 3.383480405599999852e+00
5.189000000000000036e-03 2.910003366371670008e+00
7.630000000000000063e-04 3.806315235661669849e+00
2.426000000000000205e-03 2.463280187130830079e+00
-4.576000000000000206e-03 3.448449969940829973e+00
-2.216000000000000088e-03 2.887873083694170173e+00
-5.472000000000000301e-03 3.091088901733329841e+00
2.269999999999999882e-04 4.052894267909169734e+00
1.895999999999999899e-03 3.592552239576670026e+00
