5.099999999999999960e-05 2.753895383479170178e+00
1.232000000000000022e-03 2.311288980515000091e+00
-7.609000000000000312e-03 2.466548709025830011e+00
1.128400000000000063e-02 2.423017778335830208e+00
2.673000000000000029e-03 2.496194736433329897e+00
-3.209999999999999963e-04 2.808643797939999853e+00
-7.849999999999999990e-04 2.463280187130830079e+00
-1.899000000000000080e-03 2.693615501634170073e+00
3.078000000000000007e-03 2.308312228881669981e+00
8.890000000000000333e-04 2.607826392740829835e+00
2.840000000000000185e-04 2.603649359371670080e+00
-8.876000000000000209e-03 2.324573183525830089e+00
