5.099999999999999960e-05 2.861578711234169958e+00
1.232000000000000022e-03 2.633600530389999861e+00
-7.609000000000000312e-03 2.883400558382500201e+00
1.128400000000000063e-02 3.110932790737499953e+00
2.673000000000000029e-03 2.910003366371670008e+00
-3.209999999999999963e-04 3.346187224156670137e+00
-7.849999999999999990e-04 3.346187224156670137e+00
-1.899000000000000080e-03 3.091088901733329841e+00
3.078000000000000007e-03 2.887873083694170173e+00
8.890000000000000333e-04 3.649124527290830144e+00
2.840000000000000185e-04 2.475586401600000208e+00
-8.876000000000000209e-03 2.887873083694170173e+00
