-3.281000000000000062e-03 3.321491868097500078e+00
8.720000000000000320e-03 3.100652486853329837e+00
2.471000000000000106e-03 2.883400558382500201e+00
-6.564000000000000390e-03 3.511233145875829909e+00
6.812000000000000347e-03 3.251443298889999944e+00
4.741000000000000422e-03 2.317647794300830011e+00
-6.700000000000000226e-04 3.067902501211670074e+00
5.846999999999999767e-03 3.215854378122500190e+00
8.959999999999999866e-04 3.630449961232499856e+00
-2.342800000000000091e-02 2.878675966484169901e+00
1.559000000000000056e-03 2.678153099920829838e+00
2.895000000000000004e-03 2.689221729744169842e+00
