2.759999999999999867e-04 2.478329573443330158e+00
6.583999999999999575e-03 2.697573116506669866e+00
-4.041000000000000321e-03 2.615942333617499838e+00
-1.490999999999999921e-03 2.673386568951670039e+00
-8.599999999999999789e-04 2.605151127429170099e+00
4.830000000000000092e-03 2.528375025735829951e+00
2.843000000000000041e-03 2.629654001907499872e+00
-2.768000000000000061e-03 2.593750356928330003e+00
1.474999999999999966e-03 2.631649450670829893e+00
-3.259999999999999877e-03 2.669900500290829815e+00
-9.909999999999999105e-04 2.641414304518329814e+00
-2.595999999999999783e-03 2.645093309750000010e+00
