2.759999999999999867e-04 2.340565961096670033e+00
6.583999999999999575e-03 2.633600530389999861e+00
-4.041000000000000321e-03 2.615942333617499838e+00
-1.490999999999999921e-03 2.232839864690829845e+00
-8.599999999999999789e-04 2.649287264275829834e+00
4.830000000000000092e-03 2.447809453425830117e+00
2.843000000000000041e-03 3.142157780110829801e+00
-2.768000000000000061e-03 2.561718674705829812e+00
1.474999999999999966e-03 2.811460543843330218e+00
-3.259999999999999877e-03 2.445643564935000125e+00
-9.909999999999999105e-04 2.678153099920829838e+00
-2.595999999999999783e-03 2.604552662213329928e+00
