2.759999999999999867e-04 2.603649359371670080e+00
6.583999999999999575e-03 2.885840342499169875e+00
-4.041000000000000321e-03 2.508423063531670216e+00
-1.490999999999999921e-03 2.232839864690829845e+00
-8.599999999999999789e-04 2.788383731072499927e+00
4.830000000000000092e-03 2.589181852388330096e+00
2.843000000000000041e-03 2.725757177794999819e+00
-2.768000000000000061e-03 2.321779771429170136e+00
1.474999999999999966e-03 2.689340842610420168e+00
-3.259999999999999877e-03 2.289589200871669838e+00
-9.909999999999999105e-04 2.475586401600000208e+00
-2.595999999999999783e-03 2.689221729744169842e+00
