-2.625000000000000163e-03 2.568261339060830206e+00
6.830000000000000134e-04 3.288397554711670168e+00
1.804999999999999964e-03 2.672968507864169840e+00
-1.935000000000000088e-03 3.257677341010829952e+00
-1.962999999999999901e-03 2.848232117060829793e+00
1.023999999999999954e-03 3.069072470875830128e+00
-4.148999999999999910e-03 3.210439496352500033e+00
7.734000000000000423e-03 2.934541733082919990e+00
1.869999999999999917e-03 3.013554336649169940e+00
-4.623000000000000373e-03 3.376394497626669988e+00
8.090000000000000403e-04 2.678153099920829838e+00
1.368000000000000075e-03 3.069846176671669813e+00
