-2.625000000000000163e-03 2.861578711234169958e+00
6.830000000000000134e-04 2.885840342499169875e+00
1.804999999999999964e-03 2.819612428781669955e+00
-1.935000000000000088e-03 3.171497593459999820e+00
-1.962999999999999901e-03 2.496194736433329897e+00
1.023999999999999954e-03 2.920692407705829829e+00
-4.148999999999999910e-03 2.781334037115830160e+00
7.734000000000000423e-03 3.215854378122500190e+00
1.869999999999999917e-03 3.543018189988329958e+00
-4.623000000000000373e-03 3.188253416951670083e+00
8.090000000000000403e-04 2.885840342499169875e+00
1.368000000000000075e-03 2.848232117060829793e+00
