-2.625000000000000163e-03 2.753895383479170178e+00
6.830000000000000134e-04 3.336120125350829912e+00
1.804999999999999964e-03 3.173370239693329875e+00
-1.935000000000000088e-03 3.020744462050830137e+00
-1.962999999999999901e-03 2.874774386328330156e+00
1.023999999999999954e-03 3.027786021754999890e+00
-4.148999999999999910e-03 2.885840342499169875e+00
7.734000000000000423e-03 3.048830441496670041e+00
1.869999999999999917e-03 3.233430677506670126e+00
-4.623000000000000373e-03 2.788383731072499927e+00
8.090000000000000403e-04 3.064782091047499879e+00
1.368000000000000075e-03 3.303539293095830054e+00
