7.150000000000000105e-03 3.321491868097500078e+00
1.710000000000000094e-04 3.100652486853329837e+00
-3.606999999999999963e-03 2.672968507864169840e+00
2.739999999999999814e-03 3.383480405599999852e+00
-5.529999999999999976e-04 2.496194736433329897e+00
7.389999999999999651e-04 2.649287264275829834e+00
6.363999999999999865e-03 2.673386568951670039e+00
-6.279999999999999775e-04 2.934541733082919990e+00
-6.243000000000000285e-03 2.631649450670829893e+00
1.747999999999999988e-03 2.607826392740829835e+00
-4.480999999999999740e-03 3.064782091047499879e+00
-3.399999999999999811e-03 2.689221729744169842e+00
