3.651999999999999864e-03 3.169671990200829903e+00
4.048999999999999648e-03 3.288397554711670168e+00
-1.556000000000000091e-03 2.883400558382500201e+00
-4.213999999999999864e-03 2.808643797939999853e+00
5.959999999999999586e-04 3.097709143024999889e+00
1.894000000000000067e-03 2.317647794300830011e+00
2.592999999999999819e-03 2.885840342499169875e+00
-7.240000000000000342e-04 2.429781636614170015e+00
-1.753000000000000001e-03 2.631649450670829893e+00
-3.236000000000000161e-03 2.878675966484169901e+00
-1.753999999999999917e-03 2.475586401600000208e+00
4.530000000000000064e-04 2.232839864690829845e+00
