3.651999999999999864e-03 2.654003626677500005e+00
4.048999999999999648e-03 2.474262205700000106e+00
-1.556000000000000091e-03 2.466548709025830011e+00
-4.213999999999999864e-03 2.287867576024170013e+00
5.959999999999999586e-04 2.711261192726670100e+00
1.894000000000000067e-03 2.480167664599170152e+00
2.592999999999999819e-03 2.463280187130830079e+00
-7.240000000000000342e-04 2.693615501634170073e+00
-1.753000000000000001e-03 2.768565300648750060e+00
-3.236000000000000161e-03 2.445643564935000125e+00
-1.753999999999999917e-03 2.331366552131670211e+00
4.530000000000000064e-04 2.808643797939999853e+00
