3.651999999999999864e-03 2.452747889534999892e+00
4.048999999999999648e-03 3.100652486853329837e+00
-1.556000000000000091e-03 3.036585112575830081e+00
-4.213999999999999864e-03 2.232839864690829845e+00
5.959999999999999586e-04 3.097709143024999889e+00
1.894000000000000067e-03 3.159909139493750185e+00
2.592999999999999819e-03 2.463280187130830079e+00
-7.240000000000000342e-04 3.091088901733329841e+00
-1.753000000000000001e-03 2.631649450670829893e+00
-3.236000000000000161e-03 3.291367351920829964e+00
-1.753999999999999917e-03 2.678153099920829838e+00
4.530000000000000064e-04 2.474262205700000106e+00
