-7.427999999999999707e-03 3.931204042091250184e+00
7.108999999999999868e-03 3.729465082537500198e+00
2.442999999999999859e-03 3.855608425974999864e+00
-2.380000000000000117e-04 3.895020552933329938e+00
-1.665999999999999946e-03 3.380474998865000025e+00
5.165000000000000320e-03 3.069072470875830128e+00
-1.044000000000000006e-03 3.495623166204170129e+00
1.918999999999999916e-03 3.286509243044169803e+00
4.457000000000000024e-03 2.887873083694170173e+00
-2.490000000000000026e-03 3.188253416951670083e+00
-7.782999999999999988e-03 3.645774654929999858e+00
-4.440000000000000045e-04 3.333589427757500001e+00
