-7.427999999999999707e-03 4.074001873475830315e+00
7.108999999999999868e-03 3.954470807749169925e+00
2.442999999999999859e-03 4.159739819281670137e+00
-2.380000000000000117e-04 4.409835926537500228e+00
-1.665999999999999946e-03 3.712643095899999857e+00
5.165000000000000320e-03 4.440099052639999933e+00
-1.044000000000000006e-03 4.329717412763329776e+00
1.918999999999999916e-03 3.910355013090000220e+00
4.457000000000000024e-03 3.312606816262499976e+00
-2.490000000000000026e-03 3.911752505930830015e+00
-7.782999999999999988e-03 3.802975839610000186e+00
-4.440000000000000045e-04 3.679495149491669892e+00
