-7.460000000000000268e-04 2.861578711234169958e+00
1.260000000000000052e-03 2.311288980515000091e+00
1.634999999999999952e-03 2.883400558382500201e+00
5.820000000000000520e-04 2.808643797939999853e+00
1.140000000000000063e-04 3.097709143024999889e+00
-1.739000000000000094e-03 3.346187224156670137e+00
-3.103999999999999988e-03 3.067902501211670074e+00
1.640000000000000019e-04 2.429781636614170015e+00
3.739000000000000136e-03 2.887873083694170173e+00
5.400000000000000069e-04 3.091088901733329841e+00
1.400999999999999902e-03 2.678153099920829838e+00
-3.847000000000000159e-03 2.474262205700000106e+00
