1.119999999999999902e-03 2.861578711234169958e+00
3.425000000000000093e-03 2.311288980515000091e+00
-1.975999999999999892e-03 2.883400558382500201e+00
-4.130000000000000099e-04 2.885840342499169875e+00
3.847999999999999858e-03 2.711261192726670100e+00
8.959999999999999866e-04 2.808643797939999853e+00
-7.433000000000000371e-03 2.781334037115830160e+00
4.007000000000000145e-03 2.693615501634170073e+00
-5.975000000000000276e-03 2.631649450670829893e+00
1.330000000000000019e-03 2.972576940943330026e+00
-1.356000000000000000e-03 2.678153099920829838e+00
2.527000000000000166e-03 2.808643797939999853e+00
