1.119999999999999902e-03 2.654003626677500005e+00
3.425000000000000093e-03 2.885840342499169875e+00
-1.975999999999999892e-03 2.883400558382500201e+00
-4.130000000000000099e-04 3.383480405599999852e+00
3.847999999999999858e-03 3.097709143024999889e+00
8.959999999999999866e-04 3.806315235661669849e+00
-7.433000000000000371e-03 2.673386568951670039e+00
4.007000000000000145e-03 3.286509243044169803e+00
-5.975000000000000276e-03 2.469620678989170148e+00
1.330000000000000019e-03 2.445643564935000125e+00
-1.356000000000000000e-03 3.491849078750000057e+00
2.527000000000000166e-03 3.210370848814580125e+00
