1.984000000000000086e-03 3.791830801017499919e+00
1.890000000000000133e-04 3.347122621728749969e+00
-8.360000000000000460e-04 3.880491689511670117e+00
2.194000000000000204e-03 4.052894267909169734e+00
-3.069999999999999812e-03 3.323327811357500217e+00
-2.700000000000000035e-04 2.920692407705829829e+00
2.328000000000000208e-03 3.432888597416670073e+00
2.149999999999999947e-04 3.495185260049169962e+00
-9.820000000000000170e-04 3.482246535817500099e+00
-1.087999999999999991e-03 3.477675110559169891e+00
-1.170000000000000033e-03 3.645774654929999858e+00
5.069999999999999637e-04 3.477675110559169891e+00
