9.799999999999999684e-05 3.169671990200829903e+00
-4.619999999999999975e-03 3.181931512569169840e+00
-4.183000000000000086e-03 3.036585112575830081e+00
6.185000000000000393e-03 2.559527934735830179e+00
-6.335999999999999618e-03 3.047021664560829901e+00
3.513000000000000064e-03 2.858273230285830024e+00
2.654000000000000109e-03 3.133085635572499861e+00
-4.852000000000000410e-03 3.649124527290830144e+00
-7.829999999999999504e-04 3.386064264009999825e+00
1.317800000000000048e-02 3.171497593459999820e+00
-1.606999999999999922e-03 2.927169939560000156e+00
-3.249000000000000152e-03 3.069846176671669813e+00
