9.799999999999999684e-05 2.753895383479170178e+00
-4.619999999999999975e-03 3.046102442611669847e+00
-4.183000000000000086e-03 3.036585112575830081e+00
6.185000000000000393e-03 2.731528313290830123e+00
-6.335999999999999618e-03 3.047021664560829901e+00
3.513000000000000064e-03 2.858273230285830024e+00
2.654000000000000109e-03 2.885840342499169875e+00
-4.852000000000000410e-03 2.885840342499169875e+00
-7.829999999999999504e-04 2.704317027463329914e+00
1.317800000000000048e-02 3.020744462050830137e+00
-1.606999999999999922e-03 3.100652486853329837e+00
-3.249000000000000152e-03 2.808643797939999853e+00
