9.799999999999999684e-05 2.619978253826670045e+00
-4.619999999999999975e-03 2.512724427256670001e+00
-4.183000000000000086e-03 2.672968507864169840e+00
6.185000000000000393e-03 2.952689113646670194e+00
-6.335999999999999618e-03 2.796095389295830014e+00
3.513000000000000064e-03 2.773233576034999981e+00
2.654000000000000109e-03 2.920692407705829829e+00
-4.852000000000000410e-03 2.999914926195000220e+00
-7.829999999999999504e-04 2.833650752064170053e+00
1.317800000000000048e-02 2.926934764113330090e+00
-1.606999999999999922e-03 2.885840342499169875e+00
-3.249000000000000152e-03 2.992327734643330128e+00
