9.799999999999999684e-05 3.792511842212499928e+00
-4.619999999999999975e-03 3.100652486853329837e+00
-4.183000000000000086e-03 3.173370239693329875e+00
6.185000000000000393e-03 3.321584738298330119e+00
-6.335999999999999618e-03 3.153668646281670096e+00
3.513000000000000064e-03 3.295155316622500052e+00
2.654000000000000109e-03 4.037908000973329692e+00
-4.852000000000000410e-03 3.388593771710000091e+00
-7.829999999999999504e-04 3.552326977578330158e+00
1.317800000000000048e-02 3.350146110844999914e+00
-1.606999999999999922e-03 3.184694893079170086e+00
-3.249000000000000152e-03 3.412837692935830169e+00
