-1.469999999999999953e-04 3.246110927219170161e+00
2.001999999999999873e-03 3.288397554711670168e+00
-2.268000000000000051e-03 2.672968507864169840e+00
-3.390999999999999917e-03 2.626830755832500142e+00
1.812999999999999941e-03 3.251443298889999944e+00
2.200999999999999832e-03 2.808643797939999853e+00
1.101999999999999898e-03 3.346187224156670137e+00
-4.409999999999999858e-04 2.934541733082919990e+00
-3.249999999999999851e-04 3.410225028047499940e+00
1.858999999999999975e-03 2.718454609123329924e+00
1.046000000000000055e-03 3.184694893079170086e+00
-3.449999999999999942e-03 2.969677835105830166e+00
