3.429999999999999889e-04 3.844232197199170198e+00
1.650999999999999907e-03 3.554459934575830093e+00
5.279999999999999971e-03 3.422678836278330028e+00
1.394999999999999973e-03 4.800010984516670298e+00
-2.492999999999999990e-03 3.807950787064999787e+00
-7.439999999999999782e-04 3.806315235661669849e+00
-2.489999999999999809e-04 3.791830801017499919e+00
1.869999999999999917e-04 3.531499054073329980e+00
4.110000000000000155e-04 3.110932790737499953e+00
-1.860000000000000108e-03 3.649124527290830144e+00
-9.269999999999999811e-04 3.435653489584169940e+00
-2.994999999999999832e-03 3.592552239576670026e+00
