5.259999999999999919e-04 3.585468473592499983e+00
1.454999999999999913e-03 2.885840342499169875e+00
1.721000000000000090e-03 3.604012066843329976e+00
-2.007999999999999802e-03 2.626830755832500142e+00
4.941000000000000079e-03 3.251443298889999944e+00
-3.791000000000000099e-03 3.346187224156670137e+00
9.680000000000000019e-04 3.646319843685000173e+00
7.770000000000000214e-04 3.333589427757500001e+00
-2.641000000000000118e-03 3.110932790737499953e+00
-2.572000000000000067e-03 3.291367351920829964e+00
4.240000000000000062e-04 3.323327811357500217e+00
2.010000000000000068e-04 2.887873083694170173e+00
