-7.893000000000000710e-03 2.654003626677500005e+00
4.366000000000000089e-03 3.432888597416670073e+00
3.478999999999999888e-03 3.513360760031670083e+00
-3.908000000000000015e-03 3.257677341010829952e+00
4.814999999999999836e-03 3.251443298889999944e+00
1.930999999999999991e-03 3.159909139493750185e+00
-4.644999999999999823e-03 3.495623166204170129e+00
1.541000000000000052e-03 3.215854378122500190e+00
3.239999999999999825e-03 3.312606816262499976e+00
1.557999999999999923e-03 3.649124527290830144e+00
7.069999999999999462e-04 3.645774654929999858e+00
-5.190000000000000169e-03 3.592552239576670026e+00
