-7.893000000000000710e-03 3.455872847469169784e+00
4.366000000000000089e-03 3.100652486853329837e+00
3.478999999999999888e-03 3.310803478648329801e+00
-3.908000000000000015e-03 2.808643797939999853e+00
4.814999999999999836e-03 3.380474998865000025e+00
1.930999999999999991e-03 3.346187224156670137e+00
-4.644999999999999823e-03 3.210439496352500033e+00
1.541000000000000052e-03 3.091088901733329841e+00
3.239999999999999825e-03 3.312606816262499976e+00
1.557999999999999923e-03 3.091088901733329841e+00
7.069999999999999462e-04 3.323327811357500217e+00
-5.190000000000000169e-03 3.210370848814580125e+00
