-7.893000000000000710e-03 3.585468473592499983e+00
4.366000000000000089e-03 4.041601257555829996e+00
3.478999999999999888e-03 3.880491689511670117e+00
-3.908000000000000015e-03 3.511233145875829909e+00
4.814999999999999836e-03 3.964814229963330217e+00
1.930999999999999991e-03 3.932697512993330147e+00
-4.644999999999999823e-03 3.939983452114999896e+00
1.541000000000000052e-03 3.649124527290830144e+00
3.239999999999999825e-03 3.630449961232499856e+00
1.557999999999999923e-03 4.792764476889169956e+00
7.069999999999999462e-04 3.880491689511670117e+00
-5.190000000000000169e-03 3.964814229963330217e+00
