1.949999999999999965e-04 3.585468473592499983e+00
8.970000000000000109e-04 3.288397554711670168e+00
1.394999999999999973e-03 3.604012066843329976e+00
-2.945000000000000135e-03 3.257677341010829952e+00
-7.979999999999999897e-04 2.711261192726670100e+00
-1.248999999999999893e-03 3.346187224156670137e+00
-6.089999999999999494e-04 3.210439496352500033e+00
-2.100000000000000087e-04 3.091088901733329841e+00
2.448999999999999788e-03 2.887873083694170173e+00
-1.922000000000000097e-03 3.291367351920829964e+00
2.955000000000000161e-03 3.323327811357500217e+00
-1.579999999999999916e-04 3.210370848814580125e+00
