4.934000000000000018e-03 2.654003626677500005e+00
1.987000000000000051e-03 2.633600530389999861e+00
1.502000000000000080e-03 2.466548709025830011e+00
1.995999999999999944e-03 3.110932790737499953e+00
1.263999999999999933e-03 2.910003366371670008e+00
-5.654000000000000171e-03 2.920692407705829829e+00
-2.223999999999999849e-03 2.885840342499169875e+00
-1.425999999999999967e-03 2.934541733082919990e+00
-3.037000000000000203e-03 2.631649450670829893e+00
2.730000000000000222e-04 2.289589200871669838e+00
-1.688000000000000047e-03 2.885840342499169875e+00
2.072000000000000057e-03 3.069846176671669813e+00
