1.606999999999999922e-03 3.093129878573329883e+00
5.701000000000000338e-03 2.955152423942500217e+00
1.276999999999999923e-03 2.744563651770000057e+00
-7.557000000000000349e-03 2.731528313290830123e+00
5.258999999999999786e-03 2.808643797939999853e+00
-9.020000000000000240e-04 2.649287264275829834e+00
-1.146900000000000003e-02 2.885840342499169875e+00
3.063999999999999883e-03 2.693615501634170073e+00
-5.226999999999999875e-03 2.509359416173329915e+00
-3.651999999999999864e-03 2.775401040593330038e+00
7.846999999999999809e-03 2.559988916058329789e+00
4.052000000000000046e-03 2.935205808074170086e+00
