1.410000000000000012e-03 3.103743325173330181e+00
1.124999999999999915e-03 2.697573116506669866e+00
-3.151999999999999854e-03 2.672968507864169840e+00
7.927999999999999284e-03 3.028416978842499940e+00
-1.961000000000000069e-03 3.016202241574169829e+00
-1.022799999999999924e-02 2.743387412900830213e+00
1.340000000000000045e-04 3.310803478648329801e+00
2.308000000000000156e-03 2.860531375925829956e+00
2.759000000000000168e-03 3.410225028047499940e+00
1.183000000000000024e-03 2.972576940943330026e+00
-2.808000000000000166e-03 2.753895383479170178e+00
1.299999999999999940e-03 3.412837692935830169e+00
