-3.271000000000000036e-03 2.861578711234169958e+00
-5.700000000000000314e-05 3.180525641176669804e+00
-5.206999999999999823e-03 2.965994819769170121e+00
5.121999999999999817e-03 2.808643797939999853e+00
-2.616999999999999969e-03 2.496194736433329897e+00
-5.869999999999999567e-04 3.034454408389999802e+00
5.165999999999999585e-03 2.829891553245829972e+00
-1.394999999999999973e-03 2.865909612323330080e+00
1.975999999999999892e-03 2.887873083694170173e+00
-8.007999999999999494e-03 3.166497942175829916e+00
5.152999999999999595e-03 2.678153099920829838e+00
3.726000000000000145e-03 3.423519252355000209e+00
