-3.271000000000000036e-03 2.861578711234169958e+00
-5.700000000000000314e-05 2.633600530389999861e+00
-5.206999999999999823e-03 2.933572266770830161e+00
5.121999999999999817e-03 3.063190989340829784e+00
-2.616999999999999969e-03 3.251443298889999944e+00
-5.869999999999999567e-04 2.649287264275829834e+00
5.165999999999999585e-03 3.067902501211670074e+00
-1.394999999999999973e-03 2.693615501634170073e+00
1.975999999999999892e-03 3.410225028047499940e+00
-8.007999999999999494e-03 2.718454609123329924e+00
5.152999999999999595e-03 2.603649359371670080e+00
3.726000000000000145e-03 2.969677835105830166e+00
