-3.271000000000000036e-03 2.782491664247499941e+00
-5.700000000000000314e-05 4.630352672965000416e+00
-5.206999999999999823e-03 4.735298047595000170e+00
5.121999999999999817e-03 2.423017778335830208e+00
-2.616999999999999969e-03 4.636787508303330085e+00
-5.869999999999999567e-04 4.643547667144999558e+00
5.165999999999999585e-03 2.760400475182500202e+00
-1.394999999999999973e-03 4.397270813716669835e+00
1.975999999999999892e-03 3.984099500909170199e+00
-8.007999999999999494e-03 3.026226937469170153e+00
5.152999999999999595e-03 4.458884927865829795e+00
3.726000000000000145e-03 4.387955596274999870e+00
