-3.271000000000000036e-03 2.782491664247499941e+00
-5.700000000000000314e-05 4.800010984516670298e+00
-5.206999999999999823e-03 4.887337170389169927e+00
5.121999999999999817e-03 2.287867576024170013e+00
-2.616999999999999969e-03 4.717501577301669968e+00
-5.869999999999999567e-04 4.764025199558330037e+00
5.165999999999999585e-03 2.841483445079170167e+00
-1.394999999999999973e-03 4.559452620991669924e+00
1.975999999999999892e-03 4.125768306000829888e+00
-8.007999999999999494e-03 3.026226937469170153e+00
5.152999999999999595e-03 4.672938784480000329e+00
3.726000000000000145e-03 4.550267347313329935e+00
