-6.884000000000000362e-03 2.498834927969999953e+00
7.799999999999999859e-05 2.559527934735830179e+00
3.583999999999999946e-03 2.555910862030419839e+00
-6.805000000000000285e-03 2.478610440216669986e+00
1.072999999999999952e-03 2.496194736433329897e+00
4.179000000000000423e-03 2.730196924509169953e+00
-5.919999999999999698e-04 2.609277411294169902e+00
3.204999999999999950e-03 2.346831842281670077e+00
1.394000000000000057e-03 2.488969554470830126e+00
-9.534000000000000807e-03 2.788383731072499927e+00
4.285999999999999879e-03 2.920692407705829829e+00
6.016999999999999779e-03 2.546066821140830161e+00
