-6.884000000000000362e-03 2.897614770579170163e+00
7.799999999999999859e-05 2.961506094162499991e+00
3.583999999999999946e-03 3.264061400625000164e+00
-6.805000000000000285e-03 3.069846176671669813e+00
1.072999999999999952e-03 2.357709953982499940e+00
4.179000000000000423e-03 3.252808126464170169e+00
-5.919999999999999698e-04 2.998029949769999813e+00
3.204999999999999950e-03 3.159242892485830012e+00
1.394000000000000057e-03 3.416639850812499990e+00
-9.534000000000000807e-03 3.351437285694169876e+00
4.285999999999999879e-03 2.301459009267500022e+00
6.016999999999999779e-03 2.565269012828330197e+00
