6.559999999999999859e-03 2.603355873322500180e+00
-1.009600000000000081e-02 2.311288980515000091e+00
1.382999999999999898e-03 2.347555557559169781e+00
3.278000000000000098e-03 3.070231164584170003e+00
5.415999999999999807e-03 2.654577780701670164e+00
-2.171999999999999886e-03 2.462097975146670059e+00
2.229999999999999994e-04 2.559228260154169821e+00
2.049000000000000040e-03 2.471506222453330182e+00
-2.608000000000000075e-03 2.387940393063329836e+00
-9.340000000000000429e-04 2.352914665270000150e+00
-1.485999999999999908e-03 2.847506960852499880e+00
-1.611999999999999935e-03 2.638613866224170046e+00
