-2.312999999999999952e-03 3.585468473592499983e+00
3.092999999999999829e-03 3.554459934575830093e+00
1.140000000000000063e-04 3.936473912374999884e+00
3.245000000000000055e-03 3.895020552933329938e+00
-3.174000000000000172e-03 3.712643095899999857e+00
-5.640000000000000482e-04 3.159909139493750185e+00
-3.530000000000000152e-04 3.646319843685000173e+00
3.950999999999999651e-03 3.880491689511670117e+00
1.461000000000000059e-03 3.630449961232499856e+00
1.636000000000000084e-03 3.477675110559169891e+00
7.619999999999999820e-04 3.531499054073329980e+00
-7.858999999999999667e-03 3.964814229963330217e+00
