7.394000000000000399e-03 2.782491664247499941e+00
-3.703999999999999827e-03 3.506392218752500067e+00
-4.229999999999999819e-04 2.615942333617499838e+00
3.033000000000000106e-03 3.171497593459999820e+00
1.495999999999999934e-03 2.808643797939999853e+00
4.052000000000000046e-03 2.858273230285830024e+00
-5.906999999999999924e-03 2.835878956535830220e+00
-3.229999999999999907e-04 2.934541733082919990e+00
-3.919999999999999873e-03 3.233430677506670126e+00
-2.612999999999999871e-03 3.091088901733329841e+00
-1.435999999999999993e-03 3.372972760521249835e+00
2.353000000000000057e-03 2.774105251354169965e+00
