-4.781999999999999792e-03 3.695849826027500118e+00
-3.459999999999999968e-03 2.885840342499169875e+00
-3.017000000000000150e-03 2.672968507864169840e+00
5.526999999999999795e-03 2.808643797939999853e+00
-3.435000000000000119e-03 3.380474998865000025e+00
-3.658999999999999926e-03 2.649287264275829834e+00
7.166999999999999760e-03 2.673386568951670039e+00
-1.999999999999999909e-06 3.448449969940829973e+00
2.834000000000000147e-03 2.887873083694170173e+00
7.597999999999999719e-03 2.878675966484169901e+00
-6.826999999999999735e-03 2.475586401600000208e+00
2.054999999999999969e-03 3.069846176671669813e+00
