-3.570000000000000040e-04 3.455872847469169784e+00
5.019999999999999506e-04 3.432888597416670073e+00
-3.269999999999999795e-04 3.173370239693329875e+00
2.631999999999999791e-03 3.257677341010829952e+00
-1.956999999999999972e-03 3.380474998865000025e+00
-2.354000000000000190e-03 3.346187224156670137e+00
-1.801000000000000083e-03 3.791830801017499919e+00
3.494999999999999843e-03 3.215854378122500190e+00
-2.945000000000000135e-03 3.312606816262499976e+00
-8.600000000000000331e-05 3.477675110559169891e+00
3.925999999999999802e-03 3.435653489584169940e+00
-7.269999999999999987e-04 2.689221729744169842e+00
