-3.570000000000000040e-04 3.169671990200829903e+00
5.019999999999999506e-04 3.100652486853329837e+00
-3.269999999999999795e-04 3.649124527290830144e+00
2.631999999999999791e-03 4.159739819281670137e+00
-1.956999999999999972e-03 3.455872847469169784e+00
-2.354000000000000190e-03 2.649287264275829834e+00
-1.801000000000000083e-03 3.210439496352500033e+00
3.494999999999999843e-03 3.091088901733329841e+00
-2.945000000000000135e-03 2.768565300648750060e+00
-8.600000000000000331e-05 3.552087894121669809e+00
3.925999999999999802e-03 3.064782091047499879e+00
-7.269999999999999987e-04 3.210370848814580125e+00
