-6.099000000000000254e-03 2.568261339060830206e+00
2.795000000000000175e-03 2.765161098790000160e+00
-4.367000000000000222e-03 2.589181852388330096e+00
-3.948000000000000120e-03 2.423017778335830208e+00
3.738000000000000003e-03 2.243391379300000210e+00
5.963000000000000418e-03 2.649287264275829834e+00
2.110000000000000059e-04 2.589181852388330096e+00
2.213000000000000123e-03 2.512724427256670001e+00
2.533000000000000095e-03 2.704317027463329914e+00
-3.788999999999999833e-03 2.878675966484169901e+00
3.586000000000000212e-03 2.331366552131670211e+00
-2.835999999999999979e-03 2.969677835105830166e+00
