-5.107999999999999693e-03 3.169671990200829903e+00
2.471999999999999805e-03 3.100652486853329837e+00
3.814999999999999815e-03 3.513360760031670083e+00
1.533000000000000074e-03 3.257677341010829952e+00
6.144000000000000156e-03 3.380474998865000025e+00
-4.864000000000000268e-03 3.670384358495829780e+00
3.010999999999999788e-03 3.210439496352500033e+00
-1.157999999999999958e-03 3.091088901733329841e+00
3.354000000000000210e-03 3.482246535817500099e+00
-5.710000000000000015e-04 3.477675110559169891e+00
-2.064999999999999995e-03 3.323327811357500217e+00
-6.563000000000000257e-03 2.689221729744169842e+00
