-5.551000000000000378e-03 2.861578711234169958e+00
-1.619999999999999912e-03 4.461395900134170311e+00
7.010999999999999871e-03 4.608639323545830280e+00
-6.347000000000000211e-03 3.383480405599999852e+00
3.142999999999999960e-03 4.121334496624579735e+00
2.357999999999999853e-03 4.334212272074579708e+00
-4.209000000000000068e-03 3.495623166204170129e+00
-2.681999999999999922e-03 4.397270813716669835e+00
6.445000000000000208e-03 3.909846210603329819e+00
-2.883999999999999845e-03 3.291367351920829964e+00
4.488999999999999935e-03 4.469529918603329932e+00
-1.559999999999999972e-04 4.146671156422920390e+00
