8.099000000000000296e-03 2.753895383479170178e+00
-2.968999999999999851e-03 2.885840342499169875e+00
-2.791000000000000078e-03 2.672968507864169840e+00
5.310999999999999749e-03 2.696385052234170132e+00
-4.810000000000000039e-03 2.711261192726670100e+00
-1.621000000000000045e-03 2.480167664599170152e+00
2.289999999999999935e-03 2.673386568951670039e+00
-3.895000000000000025e-03 2.934541733082919990e+00
1.146000000000000100e-03 3.110932790737499953e+00
1.206400000000000007e-02 2.718454609123329924e+00
2.669999999999999847e-04 2.885840342499169875e+00
-1.309100000000000021e-02 2.474262205700000106e+00
