8.450000000000000479e-04 3.015176532494169948e+00
-3.449999999999999833e-04 2.885840342499169875e+00
6.329999999999999906e-04 2.232839864690829845e+00
-8.710000000000000294e-04 2.317647794300830011e+00
-7.709999999999999840e-04 3.251443298889999944e+00
-2.546999999999999785e-03 2.447809453425830117e+00
-1.472999999999999917e-03 2.319846410246670043e+00
1.049999999999999935e-03 2.561718674705829812e+00
-4.620000000000000083e-04 2.429462958750829848e+00
1.087999999999999991e-03 2.289589200871669838e+00
3.989999999999999949e-04 2.764557671674999995e+00
2.455000000000000151e-03 2.689221729744169842e+00
