165
190
196
326
367
401
405
406
429
430
463
466
467
468
473
474
571
579
602
604
639
646
668
677
678
687
688
745
860
861
862
863
864
865
867
1044
1045
1046
1050
1051
1052
1053
1054
1112
1316
1385
1386
1387
1388
1389
1390
1406
1482
1487
1499
1523
1602
1628
1649
1746
1747
1748
1749
1750
1761
1820
1827
1831
1869
1870
1871
1874
1875
1876
1877
1879
1958
1959
1960
1961
1997
1998
1999
2000
2001
2002
2004
2005
2019
2023
2033
2034
2063
2077
2078
2099
2100
2101
2103
2104
2113
2114
2115
2116
2117
2118
2119
2120
2122
2128
2290
2294
2295
2296
2297
2298
2299
2300
2301
2302
2303
2304
2305
2306
2307
2308
2309
2313
2353
2354
2355
2494
2516
2551
2553
2623
2624
2625
2626
2627
2637
2649
2672
2735
2736
2737
2738
2852
2908
2909
2928
2966
2967
2968
2969
3054
3065
3087
3090
3091
3096
3097
3104
3110
3131
3146
3148
3159
3164
3166
3169
3170
3171
3172
3174
3175
3182
3190
3195
3199
3200
3201
3202
3203
3204
3206
3209
3212
3213
3214
3215
3216
3217
3218
3221
3222
3223
3224
3227
3229
3232
3233
3234
3235
3236
3239
3280
3297
3298
3299
3344
3394
3397
3399
3428
3516
3607
3642
3651
3659
3660
3661
3662
3663
3664
3665
3670
3720
3725
3726
3727
3975
4005
4010
4066
4084
4086
4087
4088
4089
4090
4091
4092
4093
4094
4097
4149
4150
4204
4205
4208
4209
4211
4212
4222
4223
4286
4297
4299
4303
4306
4335
4435
4487
4488
4520
4602
4603
4605
4609
4610
4613
4617
4618
4654
4656
4661
4692
4760
4761
4762
4772
4773
4774
4775
4776
4778
4779
4780
4781
4782
4783
4784
4790
4791
4799
4800
4801
4802
4807
4808
4821
4824
4825
4831
4851
4861
4862
4899
4901
4904
4929
4990
5013
5015
5017
5036
5071
5077
5078
5079
5080
5081
5083
5087
5089
5090
5178
5241
5245
5252
5307
5308
5309
5316
5324
5325
5326
5359
5449
5451
5452
5453
5454
5455
5456
5457
5458
5459
5460
5462
5463
5465
5467
5468
5469
5626
5629
5733
5813
5814
5885
5914
5915
5916
5925
5926
5927
5966
5970
5971
5978
5989
5990
5991
5992
5993
5994
6047
6095
6096
6097
6239
6256
6257
6258
6297
6299
6304
6322
6473
6492
6493
6495
6496
6498
6591
6596
6615
6618
6621
6656
6657
6658
6659
6660
6662
6663
6664
6665
6666
6667
6668
6670
6671
6688
6689
6720
6721
6722
6736
6772
6773
6774
6775
6776
6777
6778
6827
6830
6862
6871
6873
6874
6875
6877
6878
6879
6881
6883
6884
6886
6887
6908
6909
6910
6911
6913
6925
6926
6927
6928
6929
6932
6934
6935
6936
6938
6939
6940
6941
6942
6943
6945
7003
7004
7005
7008
7019
7020
7021
7022
7023
7024
7025
7026
7027
7029
7030
7050
7067
7068
7071
7080
7091
7101
7157
7161
7181
7182
7227
7290
7291
7294
7342
7376
7391
7392
7421
7490
7494
7528
7539
7541
7543
7544
7545
7546
7547
7549
7551
7552
7553
7554
7555
7559
7564
7566
7567
7569
7571
7572
7574
7576
7579
7581
7582
7584
7586
7587
7589
7592
7593
7594
7596
7597
7624
7625
7626
7633
7639
7643
7644
7675
7690
7691
7692
7693
7694
7697
7699
7703
7704
7705
7706
7707
7709
7710
7711
7712
7718
7727
7728
7741
7743
7745
7746
7753
7755
7756
7760
7762
7764
7767
7769
7770
7771
7772
7775
7789
7799
7849
7942
7975
8013
8028
8061
8089
8091
8092
8187
8202
8320
8403
8456
8462
8463
8521
8531
8538
8545
8548
8553
8609
8625
8626
8848
8856
8880
8896
8928
8929
8939
9014
9044
9095
9096
9112
9139
9205
9219
9232
9242
9310
9314
9337
9338
9406
9421
9464
9480
9496
9534
9541
9569
9572
9575
9580
9586
9603
9611
9658
9668
9705
9745
9753
9757
9831
9849
9915
9935
9970
9971
9975
9988
10002
10062
10127
10153
10155
10168
10172
10215
10274
10302
10308
10320
10346
10363
10365
10370
10379
10389
10463
10472
10474
10488
10520
10522
10538
10589
10620
10655
10660
10661
10664
10691
10716
10725
10732
10735
10736
10743
10745
10765
10780
10782
10795
10838
10902
10923
11016
11023
11063
11107
11143
11166
11244
11262
11278
11281
11317
22797
22806
22807
22809
22835
22877
22882
22887
22926
22955
22980
23013
23028
23036
23040
23051
23109
23125
23186
23261
23269
23316
23361
23414
23435
23462
23493
23528
23598
23619
23650
23660
23764
25803
25806
25819
25833
25850
25909
25942
25988
26013
26036
26048
26137
26149
26257
26298
26468
26508
26574
27022
27023
27086
27097
27107
27125
27164
27300
27319
28999
29128
29841
29842
29855
29883
29966
30009
30062
30812
30813
30818
30832
50674
50943
50945
51043
51058
51085
51176
51193
51222
51270
51274
51276
51282
51341
51351
51450
51513
51621
51804
53335
54345
54581
54738
54807
54815
54816
54862
54925
54927
54937
54989
54993
55079
55294
55311
55502
55509
55553
55565
55609
55663
55713
55769
55786
55806
55809
55810
55818
55840
55888
55892
55897
55900
56033
56252
56676
56731
56751
56917
56938
57057
57109
57167
57232
57335
57336
57343
57459
57474
57496
57504
57547
57573
57591
57593
57594
57623
57659
57677
57693
57798
57822
58487
58491
58495
58500
58524
59269
59348
60313
60436
60468
60529
63946
63947
63948
63950
63951
63974
63977
64067
64288
64321
64344
64375
64376
64412
64641
64651
64710
64764
64864
64919
65056
65243
65251
65982
79027
79149
79364
79365
79692
79733
79744
79755
79759
79800
79818
79898
79923
79943
79977
80034
80095
80108
80317
80345
80709
80712
80714
80818
81566
81628
81856
81931
83439
83482
83595
83741
83744
83855
83881
84108
84124
84159
84307
84436
84458
84504
84524
84547
84619
84654
84662
84699
84765
84775
84838
84844
84874
84891
84911
84913
85460
85508
86614
89887
90075
90233
90317
90485
90987
90993
91074
91133
91464
91975
92283
92285
93134
93624
93649
93986
94234
112770
114026
115560
116039
116071
116113
116412
117581
117608
121274
121536
121599
121643
122953
124535
124961
125893
126231
126375
127343
128209
128611
129025
132625
134187
135935
137814
138151
139628
140612
140628
140690
140883
144455
146050
146198
147657
147658
147686
147694
147923
147929
147947
147949
148213
148268
148327
148979
152518
152687
153222
155061
158399
158431
158800
159119
161882
162239
162962
162966
162967
163050
163081
163087
163131
163255
168374
168620
169792
169834
170302
195828
199704
200014
200350
201514
201516
203523
219409
220929
221785
221937
222546
222696
222894
252884
253461
253738
255877
256051
256297
266743
282890
283078
283150
283571
284307
284312
284323
284349
284370
284371
284406
284443
284697
285268
285349
285676
285989
286380
333929
339324
339327
339344
339488
342357
342926
342933
342945
343472
343930
344018
344167
345462
346157
347344
347853
349334
353088
353274
374879
374899
374900
374928
387032
387332
388536
388558
388559
388561
388566
388585
389549
389692
390259
390874
390927
391723
399823
400720
401509
402381
440695
442425
642658
646698
649137
653404
653427
728361
728656
729288
729944
730087
731220
100101467
100125288
100130086
100131827
100132074
100271849
100289635
100293516
100505852
100506164
