8.142999999999999197e-03 3.169671990200829903e+00
-7.627000000000000099e-03 3.288397554711670168e+00
1.301999999999999989e-03 2.883400558382500201e+00
4.985999999999999981e-03 3.110932790737499953e+00
7.530000000000000235e-03 2.910003366371670008e+00
-1.049999999999999935e-03 2.317647794300830011e+00
5.000000000000000240e-05 3.346187224156670137e+00
-4.569999999999999952e-04 3.091088901733329841e+00
-2.129999999999999949e-03 3.110932790737499953e+00
1.360000000000000098e-03 3.291367351920829964e+00
-6.159000000000000412e-03 2.885840342499169875e+00
-5.949000000000000295e-03 2.887873083694170173e+00
