5.467999999999999770e-03 2.753895383479170178e+00
-1.525000000000000097e-03 2.633600530389999861e+00
1.031699999999999978e-02 2.883400558382500201e+00
-7.622000000000000303e-03 2.287867576024170013e+00
2.030999999999999819e-03 2.711261192726670100e+00
3.971999999999999836e-03 3.069072470875830128e+00
-5.916000000000000252e-03 3.067902501211670074e+00
-3.163000000000000013e-03 2.885840342499169875e+00
8.409999999999999507e-04 2.469620678989170148e+00
-1.064999999999999974e-03 2.718454609123329924e+00
-2.235000000000000007e-03 2.788383731072499927e+00
-1.103999999999999947e-03 2.604552662213329928e+00
