1.119999999999999902e-03 2.654003626677500005e+00
3.425000000000000093e-03 2.311288980515000091e+00
-1.975999999999999892e-03 2.615942333617499838e+00
-4.130000000000000099e-04 2.559527934735830179e+00
3.847999999999999858e-03 2.649287264275829834e+00
8.959999999999999866e-04 2.447809453425830117e+00
-7.433000000000000371e-03 2.505195713344170017e+00
4.007000000000000145e-03 2.561718674705829812e+00
-5.975000000000000276e-03 2.833650752064170053e+00
1.330000000000000019e-03 2.788383731072499927e+00
-1.356000000000000000e-03 2.559988916058329789e+00
2.527000000000000166e-03 2.474262205700000106e+00
