1.119999999999999902e-03 2.861578711234169958e+00
3.425000000000000093e-03 2.633600530389999861e+00
-1.975999999999999892e-03 2.672968507864169840e+00
-4.130000000000000099e-04 2.696385052234170132e+00
3.847999999999999858e-03 2.711261192726670100e+00
8.959999999999999866e-04 2.808643797939999853e+00
-7.433000000000000371e-03 2.781334037115830160e+00
4.007000000000000145e-03 2.512724427256670001e+00
-5.975000000000000276e-03 2.308312228881669981e+00
1.330000000000000019e-03 3.376394497626669988e+00
-1.356000000000000000e-03 2.678153099920829838e+00
2.527000000000000166e-03 2.969677835105830166e+00
