1.119999999999999902e-03 3.246110927219170161e+00
3.425000000000000093e-03 2.885840342499169875e+00
-1.975999999999999892e-03 3.422678836278330028e+00
-4.130000000000000099e-04 3.110932790737499953e+00
3.847999999999999858e-03 3.016202241574169829e+00
8.959999999999999866e-04 2.480167664599170152e+00
-7.433000000000000371e-03 2.463280187130830079e+00
4.007000000000000145e-03 2.429781636614170015e+00
-5.975000000000000276e-03 3.215854378122500190e+00
1.330000000000000019e-03 2.718454609123329924e+00
-1.356000000000000000e-03 3.113367012274169898e+00
2.527000000000000166e-03 2.689221729744169842e+00
