3.629999999999999872e-04 2.861578711234169958e+00
-4.440000000000000045e-04 3.554459934575830093e+00
-2.400999999999999922e-03 3.310803478648329801e+00
7.310999999999999791e-03 3.895020552933329938e+00
-1.909000000000000107e-03 3.617742732074999967e+00
5.700000000000000314e-05 3.526920076280830152e+00
-2.187000000000000142e-03 2.463280187130830079e+00
-1.987000000000000051e-03 3.531499054073329980e+00
2.291000000000000068e-03 2.308312228881669981e+00
-1.198999999999999979e-03 3.091088901733329841e+00
-3.280000000000000038e-04 2.678153099920829838e+00
4.319999999999999838e-04 2.887873083694170173e+00
