5.400000000000000069e-04 2.753895383479170178e+00
3.076999999999999874e-03 3.100652486853329837e+00
-2.944000000000000002e-03 2.883400558382500201e+00
-4.599999999999999922e-03 2.885840342499169875e+00
5.119000000000000286e-03 2.848232117060829793e+00
-3.779999999999999940e-03 2.920692407705829829e+00
4.014000000000000207e-03 3.067902501211670074e+00
-9.009999999999999997e-04 2.626259204186669916e+00
-4.172000000000000361e-03 2.768565300648750060e+00
2.958000000000000126e-03 2.718454609123329924e+00
3.500000000000000073e-03 2.331366552131670211e+00
-2.811000000000000131e-03 2.808643797939999853e+00
