5.400000000000000069e-04 2.753895383479170178e+00
3.076999999999999874e-03 3.100652486853329837e+00
-2.944000000000000002e-03 2.775401040593330038e+00
-4.599999999999999922e-03 3.063190989340829784e+00
5.119000000000000286e-03 2.711261192726670100e+00
-3.779999999999999940e-03 2.649287264275829834e+00
4.014000000000000207e-03 2.781334037115830160e+00
-9.009999999999999997e-04 2.626259204186669916e+00
-4.172000000000000361e-03 2.631649450670829893e+00
2.958000000000000126e-03 2.289589200871669838e+00
3.500000000000000073e-03 2.788383731072499927e+00
-2.811000000000000131e-03 2.324573183525830089e+00
