-2.271000000000000015e-03 2.912275816651670013e+00
1.299000000000000024e-03 2.765161098790000160e+00
-4.372000000000000018e-03 2.466548709025830011e+00
2.011999999999999900e-03 2.287867576024170013e+00
-3.684000000000000209e-03 2.496194736433329897e+00
-4.537000000000000234e-03 2.920692407705829829e+00
8.245999999999999858e-03 2.463280187130830079e+00
-6.485000000000000313e-03 2.797186331386670055e+00
7.238999999999999775e-03 2.887873083694170173e+00
5.604999999999999739e-03 2.718454609123329924e+00
-1.219000000000000031e-03 2.475586401600000208e+00
-1.832999999999999994e-03 2.474262205700000106e+00
