3.782999999999999904e-03 2.861578711234169958e+00
9.840000000000000656e-04 2.765161098790000160e+00
1.088999999999999907e-03 3.310803478648329801e+00
-7.720000000000000083e-04 2.808643797939999853e+00
-3.138999999999999863e-03 2.711261192726670100e+00
5.199999999999999544e-04 3.159909139493750185e+00
3.256000000000000213e-03 2.781334037115830160e+00
9.690000000000000262e-04 3.215854378122500190e+00
2.017999999999999829e-03 3.110932790737499953e+00
-7.354000000000000294e-03 2.878675966484169901e+00
-4.100000000000000047e-05 2.952351001563330080e+00
-1.314000000000000064e-03 2.887873083694170173e+00
