-2.435000000000000098e-03 3.015176532494169948e+00
-7.439999999999999782e-04 2.885840342499169875e+00
2.553999999999999847e-03 2.466548709025830011e+00
9.247000000000000011e-03 2.423017778335830208e+00
3.573999999999999920e-03 2.711261192726670100e+00
3.847999999999999858e-03 2.480167664599170152e+00
-1.325000000000000006e-03 2.781334037115830160e+00
-4.316999999999999657e-03 2.512724427256670001e+00
-1.595999999999999979e-03 2.631649450670829893e+00
-4.311999999999999861e-03 2.878675966484169901e+00
-8.599999999999999789e-04 2.475586401600000208e+00
-3.635000000000000210e-03 2.689221729744169842e+00
