-5.730000000000000501e-04 3.169671990200829903e+00
2.092999999999999809e-03 3.630449961232499856e+00
-1.830999999999999945e-03 2.775401040593330038e+00
1.943000000000000066e-03 3.323327811357500217e+00
-3.809999999999999910e-04 2.910003366371670008e+00
-1.118000000000000070e-03 2.480167664599170152e+00
4.934000000000000018e-03 2.961506094162499991e+00
2.129999999999999949e-03 2.797186331386670055e+00
-3.086999999999999900e-03 3.410225028047499940e+00
6.700000000000000226e-05 3.807950787064999787e+00
-2.077999999999999986e-03 3.113367012274169898e+00
-2.099000000000000171e-03 3.136782875271669990e+00
