-1.172999999999999998e-03 3.169671990200829903e+00
-3.299999999999999982e-04 3.100652486853329837e+00
1.917000000000000084e-03 2.672968507864169840e+00
7.110000000000000434e-04 2.952689113646670194e+00
5.361000000000000314e-03 3.506392218752500067e+00
1.430999999999999980e-03 2.920692407705829829e+00
-1.369999999999999961e-04 2.885840342499169875e+00
-5.399999999999999798e-05 3.215854378122500190e+00
-3.144999999999999792e-03 3.630449961232499856e+00
-5.531000000000000326e-03 3.091088901733329841e+00
-3.579999999999999741e-04 3.645774654929999858e+00
1.306000000000000086e-03 3.210370848814580125e+00
