-1.172999999999999998e-03 2.861578711234169958e+00
-3.299999999999999982e-04 2.885840342499169875e+00
1.917000000000000084e-03 3.100652486853329837e+00
7.110000000000000434e-04 2.696385052234170132e+00
5.361000000000000314e-03 3.097709143024999889e+00
1.430999999999999980e-03 3.272719868867500104e+00
-1.369999999999999961e-04 2.961506094162499991e+00
-5.399999999999999798e-05 2.885840342499169875e+00
-3.144999999999999792e-03 2.631649450670829893e+00
-5.531000000000000326e-03 2.878675966484169901e+00
-3.579999999999999741e-04 2.475586401600000208e+00
1.306000000000000086e-03 2.474262205700000106e+00
