-2.269999999999999882e-04 3.169671990200829903e+00
5.143000000000000002e-03 3.100652486853329837e+00
1.585000000000000037e-03 3.759098109651669795e+00
4.310999999999999728e-03 3.776588480504170064e+00
3.076999999999999874e-03 3.506392218752500067e+00
-1.031800000000000078e-02 3.159909139493750185e+00
-4.342999999999999639e-03 2.885840342499169875e+00
-9.590000000000000000e-04 2.934541733082919990e+00
4.410999999999999990e-03 3.630449961232499856e+00
-1.250999999999999942e-03 3.649124527290830144e+00
-8.379999999999999862e-04 3.880491689511670117e+00
-5.929999999999999941e-04 4.055398817091670161e+00
