3.429999999999999889e-04 3.695849826027500118e+00
-1.105999999999999995e-03 3.778970952814999951e+00
4.315000000000000259e-03 3.036585112575830081e+00
1.350000000000000017e-04 3.257677341010829952e+00
2.090000000000000115e-04 3.097709143024999889e+00
-2.096999999999999906e-03 3.159909139493750185e+00
-4.263000000000000296e-03 3.791830801017499919e+00
-2.020000000000000094e-03 3.802975839610000186e+00
-1.948999999999999995e-03 3.312606816262499976e+00
3.540000000000000178e-03 3.091088901733329841e+00
9.870000000000000301e-04 3.323327811357500217e+00
1.907000000000000058e-03 3.333589427757500001e+00
