3.429999999999999889e-04 3.169671990200829903e+00
-1.105999999999999995e-03 3.432888597416670073e+00
4.315000000000000259e-03 3.173370239693329875e+00
1.350000000000000017e-04 2.808643797939999853e+00
2.090000000000000115e-04 3.506392218752500067e+00
-2.096999999999999906e-03 3.159909139493750185e+00
-4.263000000000000296e-03 2.885840342499169875e+00
-2.020000000000000094e-03 3.333589427757500001e+00
-1.948999999999999995e-03 2.887873083694170173e+00
3.540000000000000178e-03 3.477675110559169891e+00
9.870000000000000301e-04 2.885840342499169875e+00
1.907000000000000058e-03 3.069846176671669813e+00
