-2.433999999999999966e-03 3.015176532494169948e+00
6.688000000000000368e-03 3.432888597416670073e+00
-3.850000000000000124e-03 2.466548709025830011e+00
-1.518999999999999951e-03 2.808643797939999853e+00
-1.031000000000000015e-03 3.097709143024999889e+00
7.268000000000000155e-03 2.920692407705829829e+00
-1.603999999999999957e-03 2.232839864690829845e+00
-7.069999999999999462e-04 2.934541733082919990e+00
2.066000000000000128e-03 2.887873083694170173e+00
-4.479999999999999933e-04 2.878675966484169901e+00
-3.762000000000000153e-03 3.184694893079170086e+00
-6.669999999999999497e-04 3.069846176671669813e+00
