-2.433999999999999966e-03 3.169671990200829903e+00
6.688000000000000368e-03 2.633600530389999861e+00
-3.850000000000000124e-03 2.672968507864169840e+00
-1.518999999999999951e-03 2.559527934735830179e+00
-1.031000000000000015e-03 2.808643797939999853e+00
7.268000000000000155e-03 2.920692407705829829e+00
-1.603999999999999957e-03 2.885840342499169875e+00
-7.069999999999999462e-04 3.614169911349999875e+00
2.066000000000000128e-03 2.704317027463329914e+00
-4.479999999999999933e-04 2.934857571999169856e+00
-3.762000000000000153e-03 2.927169939560000156e+00
-6.669999999999999497e-04 2.474262205700000106e+00
