-6.189999999999999756e-04 3.015176532494169948e+00
7.519999999999999558e-04 2.512724427256670001e+00
-4.196000000000000077e-03 2.744563651770000057e+00
-8.800000000000000313e-04 2.808643797939999853e+00
4.181999999999999953e-03 2.496194736433329897e+00
6.269999999999999532e-04 2.549201570745830203e+00
-2.113999999999999994e-03 2.725757177794999819e+00
4.793000000000000385e-03 2.626259204186669916e+00
-1.003999999999999901e-03 2.689340842610420168e+00
-5.187999999999999903e-03 2.507794758562500004e+00
4.989999999999999861e-04 2.626830755832500142e+00
3.148999999999999889e-03 2.632013715937500109e+00
