3.350000000000000113e-04 3.169671990200829903e+00
-3.670999999999999784e-03 3.100652486853329837e+00
-1.516999999999999902e-03 2.672968507864169840e+00
1.010999999999999963e-03 3.257677341010829952e+00
-5.710000000000000015e-04 2.496194736433329897e+00
6.342000000000000415e-03 2.920692407705829829e+00
3.905000000000000051e-03 3.210439496352500033e+00
-2.638000000000000154e-03 2.934541733082919990e+00
-2.760999999999999999e-03 3.312606816262499976e+00
-2.814000000000000095e-03 2.607826392740829835e+00
8.080000000000000160e-04 3.323327811357500217e+00
1.570999999999999914e-03 3.210370848814580125e+00
