-3.390000000000000001e-04 2.654003626677500005e+00
-2.164000000000000125e-03 2.311288980515000091e+00
1.569999999999999944e-04 2.232839864690829845e+00
1.053899999999999976e-02 3.110932790737499953e+00
-4.224000000000000324e-03 3.617742732074999967e+00
-4.873999999999999860e-03 2.317647794300830011e+00
-2.932999999999999843e-03 2.673386568951670039e+00
-5.519999999999999733e-04 2.429781636614170015e+00
1.420999999999999954e-03 2.887873083694170173e+00
1.580000000000000024e-03 2.878675966484169901e+00
1.275000000000000092e-03 3.184694893079170086e+00
1.140000000000000063e-04 3.210370848814580125e+00
