-2.920999999999999985e-03 3.791830801017499919e+00
-2.076999999999999853e-03 3.288397554711670168e+00
9.190000000000000252e-03 2.883400558382500201e+00
-2.527000000000000166e-03 3.383480405599999852e+00
-2.369000000000000012e-03 3.179103135220830101e+00
3.050999999999999893e-03 3.159909139493750185e+00
-8.767999999999999752e-03 3.865802189831669899e+00
6.099000000000000254e-03 3.140546084757500189e+00
-6.980000000000000527e-04 3.692919181488329983e+00
-3.959999999999999762e-04 3.477675110559169891e+00
5.699999999999999772e-04 3.435653489584169940e+00
8.469999999999999881e-04 2.887873083694170173e+00
