-1.064400000000000068e-02 2.312266639981670036e+00
2.596999999999999916e-03 2.633600530389999861e+00
5.016999999999999758e-03 2.933572266770830161e+00
-2.003000000000000006e-03 2.507884720399169876e+00
3.924999999999999670e-03 2.357709953982499940e+00
6.027000000000000239e-03 2.317647794300830011e+00
-8.470999999999999364e-03 2.961506094162499991e+00
-6.040000000000000447e-04 2.693615501634170073e+00
5.669999999999999693e-03 3.013554336649169940e+00
-1.137499999999999969e-02 3.188253416951670083e+00
5.314000000000000147e-03 3.064782091047499879e+00
4.547999999999999959e-03 2.808643797939999853e+00
