-1.064400000000000068e-02 2.654003626677500005e+00
2.596999999999999916e-03 3.001973113065830034e+00
5.016999999999999758e-03 2.775401040593330038e+00
-2.003000000000000006e-03 3.184694893079170086e+00
3.924999999999999670e-03 3.097709143024999889e+00
6.027000000000000239e-03 2.480167664599170152e+00
-8.470999999999999364e-03 2.885840342499169875e+00
-6.040000000000000447e-04 2.626259204186669916e+00
5.669999999999999693e-03 2.469620678989170148e+00
-1.137499999999999969e-02 3.091088901733329841e+00
5.314000000000000147e-03 2.788383731072499927e+00
4.547999999999999959e-03 3.136782875271669990e+00
