9.799999999999999684e-05 2.716931827197500038e+00
-4.619999999999999975e-03 3.619763081437500141e+00
-4.183000000000000086e-03 3.477675110559169891e+00
6.185000000000000393e-03 2.952689113646670194e+00
-6.335999999999999618e-03 3.055514333468750010e+00
3.513000000000000064e-03 3.048830441496670041e+00
2.654000000000000109e-03 2.820009563544580100e+00
-4.852000000000000410e-03 3.292925788377500051e+00
-7.829999999999999504e-04 2.974168984337500099e+00
1.317800000000000048e-02 2.926934764113330090e+00
-1.606999999999999922e-03 3.491849078750000057e+00
-3.249000000000000152e-03 3.141555921944170215e+00
