-2.550000000000000183e-03 2.861578711234169958e+00
-3.919999999999999873e-04 4.087409504922500325e+00
2.955999999999999860e-03 3.812336454999170066e+00
-7.749999999999999728e-04 3.257677341010829952e+00
1.253999999999999906e-03 3.895020552933329938e+00
-1.003999999999999901e-03 3.806315235661669849e+00
-2.801999999999999803e-03 3.210439496352500033e+00
-5.720000000000000258e-04 4.222085250333329931e+00
-1.149999999999999981e-03 3.312606816262499976e+00
-0.000000000000000000e+00 3.091088901733329841e+00
1.887000000000000005e-03 3.880491689511670117e+00
3.148999999999999889e-03 3.679495149491669892e+00
