6.784000000000000100e-03 3.695849826027500118e+00
-4.090000000000000211e-04 3.554459934575830093e+00
7.399999999999999623e-05 3.173370239693329875e+00
-4.947000000000000008e-03 2.696385052234170132e+00
-1.495000000000000018e-03 2.910003366371670008e+00
-9.439999999999999607e-04 2.649287264275829834e+00
6.276999999999999594e-03 2.673386568951670039e+00
-1.534999999999999906e-03 3.140546084757500189e+00
-1.508999999999999925e-03 3.312606816262499976e+00
2.779999999999999811e-04 3.091088901733329841e+00
-2.011000000000000201e-03 3.064782091047499879e+00
-5.640000000000000482e-04 2.689221729744169842e+00
