-1.840000000000000001e-04 3.015176532494169948e+00
4.220000000000000118e-04 2.885840342499169875e+00
2.213999999999999822e-03 3.310803478648329801e+00
3.265000000000000107e-03 3.110932790737499953e+00
2.985999999999999939e-03 2.711261192726670100e+00
-2.516000000000000007e-03 2.920692407705829829e+00
-3.785000000000000170e-03 2.673386568951670039e+00
-2.716999999999999797e-03 3.215854378122500190e+00
6.430000000000000169e-04 2.631649450670829893e+00
-1.208000000000000089e-03 3.291367351920829964e+00
-1.090000000000000067e-04 3.184694893079170086e+00
9.890000000000000787e-04 2.474262205700000106e+00
