-1.840000000000000001e-04 3.321491868097500078e+00
4.220000000000000118e-04 3.288397554711670168e+00
2.213999999999999822e-03 3.759098109651669795e+00
3.265000000000000107e-03 3.895020552933329938e+00
2.985999999999999939e-03 3.506392218752500067e+00
-2.516000000000000007e-03 3.526920076280830152e+00
-3.785000000000000170e-03 2.885840342499169875e+00
-2.716999999999999797e-03 3.531499054073329980e+00
6.430000000000000169e-04 4.278090181324169627e+00
-1.208000000000000089e-03 2.878675966484169901e+00
-1.090000000000000067e-04 3.323327811357500217e+00
9.890000000000000787e-04 3.679495149491669892e+00
