-2.919000000000000154e-03 3.246110927219170161e+00
-4.120000000000000398e-03 2.633600530389999861e+00
4.573999999999999941e-03 2.672968507864169840e+00
-8.890000000000000333e-04 2.626830755832500142e+00
-2.233999999999999875e-03 2.711261192726670100e+00
-1.788000000000000093e-03 2.649287264275829834e+00
1.897000000000000032e-03 2.885840342499169875e+00
-4.727000000000000299e-03 2.626259204186669916e+00
7.223000000000000254e-03 3.312606816262499976e+00
-3.020000000000000223e-04 2.718454609123329924e+00
4.534999999999999969e-03 2.678153099920829838e+00
-1.250999999999999942e-03 2.887873083694170173e+00
