-2.919000000000000154e-03 3.015176532494169948e+00
-4.120000000000000398e-03 3.100652486853329837e+00
4.573999999999999941e-03 2.672968507864169840e+00
-8.890000000000000333e-04 3.110932790737499953e+00
-2.233999999999999875e-03 3.380474998865000025e+00
-1.788000000000000093e-03 2.649287264275829834e+00
1.897000000000000032e-03 2.673386568951670039e+00
-4.727000000000000299e-03 3.215854378122500190e+00
7.223000000000000254e-03 2.887873083694170173e+00
-3.020000000000000223e-04 3.091088901733329841e+00
4.534999999999999969e-03 3.184694893079170086e+00
-1.250999999999999942e-03 2.232839864690829845e+00
