-2.919000000000000154e-03 3.246110927219170161e+00
-4.120000000000000398e-03 3.100652486853329837e+00
4.573999999999999941e-03 2.883400558382500201e+00
-8.890000000000000333e-04 2.808643797939999853e+00
-2.233999999999999875e-03 2.711261192726670100e+00
-1.788000000000000093e-03 2.649287264275829834e+00
1.897000000000000032e-03 2.885840342499169875e+00
-4.727000000000000299e-03 2.934541733082919990e+00
7.223000000000000254e-03 3.110932790737499953e+00
-3.020000000000000223e-04 2.972576940943330026e+00
4.534999999999999969e-03 3.064782091047499879e+00
-1.250999999999999942e-03 2.887873083694170173e+00
