-2.671999999999999896e-03 3.015176532494169948e+00
-3.989000000000000358e-03 3.100652486853329837e+00
-4.629000000000000302e-03 2.883400558382500201e+00
1.011800000000000026e-02 3.644814572479170067e+00
-1.714000000000000029e-03 3.097709143024999889e+00
-3.207000000000000215e-03 2.649287264275829834e+00
2.827000000000000086e-03 3.210439496352500033e+00
-8.679999999999999565e-04 2.934541733082919990e+00
-2.950000000000000148e-04 2.887873083694170173e+00
-1.809999999999999977e-03 3.477675110559169891e+00
-7.450000000000000025e-04 2.475586401600000208e+00
6.982999999999999624e-03 2.887873083694170173e+00
