-6.242000000000000152e-03 3.321491868097500078e+00
4.882000000000000055e-03 3.100652486853329837e+00
9.175000000000000863e-03 2.672968507864169840e+00
-3.802999999999999957e-03 3.383480405599999852e+00
-5.990999999999999798e-03 3.251443298889999944e+00
1.680999999999999986e-03 3.159909139493750185e+00
1.095000000000000053e-03 2.885840342499169875e+00
2.474000000000000071e-03 3.215854378122500190e+00
-2.281000000000000041e-03 3.110932790737499953e+00
5.800000000000000034e-05 3.649124527290830144e+00
3.784000000000000037e-03 3.531499054073329980e+00
-4.830000000000000092e-03 2.887873083694170173e+00
