-6.242000000000000152e-03 3.169671990200829903e+00
4.882000000000000055e-03 2.633600530389999861e+00
9.175000000000000863e-03 2.466548709025830011e+00
-3.802999999999999957e-03 3.257677341010829952e+00
-5.990999999999999798e-03 3.251443298889999944e+00
1.680999999999999986e-03 3.526920076280830152e+00
1.095000000000000053e-03 2.463280187130830079e+00
2.474000000000000071e-03 2.797186331386670055e+00
-2.281000000000000041e-03 3.110932790737499953e+00
5.800000000000000034e-05 2.607826392740829835e+00
3.784000000000000037e-03 3.645774654929999858e+00
-4.830000000000000092e-03 3.679495149491669892e+00
