-1.000000000000000082e-05 3.015176532494169948e+00
-2.530000000000000131e-03 2.633600530389999861e+00
1.626999999999999974e-03 3.173370239693329875e+00
2.938000000000000073e-03 3.257677341010829952e+00
4.055999999999999710e-03 2.711261192726670100e+00
4.464000000000000086e-03 2.649287264275829834e+00
2.831000000000000183e-03 2.673386568951670039e+00
-4.659999999999999971e-04 2.626259204186669916e+00
-3.883000000000000167e-03 3.110932790737499953e+00
-7.986000000000000043e-03 4.792764476889169956e+00
-2.480000000000000000e-03 2.678153099920829838e+00
1.438999999999999958e-03 2.887873083694170173e+00
