6.350999999999999875e-03 3.321491868097500078e+00
-1.786999999999999960e-03 2.885840342499169875e+00
-2.142999999999999940e-03 3.036585112575830081e+00
5.852999999999999696e-03 2.952689113646670194e+00
-1.061000000000000094e-03 3.251443298889999944e+00
1.788000000000000093e-03 2.317647794300830011e+00
-1.828999999999999897e-03 3.067902501211670074e+00
-9.259999999999999568e-04 2.429781636614170015e+00
-5.046000000000000138e-03 2.887873083694170173e+00
1.046999999999999971e-03 2.289589200871669838e+00
1.232999999999999938e-03 2.885840342499169875e+00
-3.478999999999999888e-03 2.689221729744169842e+00
