-1.840000000000000001e-04 3.455872847469169784e+00
4.220000000000000118e-04 2.633600530389999861e+00
2.213999999999999822e-03 3.173370239693329875e+00
3.265000000000000107e-03 3.511233145875829909e+00
2.985999999999999939e-03 2.711261192726670100e+00
-2.516000000000000007e-03 3.670384358495829780e+00
-3.785000000000000170e-03 3.495623166204170129e+00
-2.716999999999999797e-03 3.531499054073329980e+00
6.430000000000000169e-04 3.482246535817500099e+00
-1.208000000000000089e-03 3.091088901733329841e+00
-1.090000000000000067e-04 2.678153099920829838e+00
9.890000000000000787e-04 2.887873083694170173e+00
