-1.013999999999999927e-03 2.479490245508329860e+00
1.294000000000000011e-03 2.797447616859999986e+00
-3.292999999999999920e-03 2.755395649727919949e+00
-3.625000000000000184e-03 2.349078243310830150e+00
4.285999999999999879e-03 2.660368403250000124e+00
7.020000000000000198e-03 2.736496992409170215e+00
1.211000000000000054e-03 2.424956423610829859e+00
-4.741000000000000422e-03 2.708916165052499991e+00
-4.739000000000000157e-03 2.967778982517499831e+00
-2.039999999999999984e-04 2.928216695998330010e+00
3.889000000000000096e-03 2.740632651080829874e+00
-8.399999999999999535e-05 2.751405401767499814e+00
