-1.968999999999999830e-03 2.654003626677500005e+00
2.654000000000000109e-03 3.001973113065830034e+00
3.990999999999999756e-03 2.672968507864169840e+00
-3.108999999999999785e-03 2.423017778335830208e+00
-2.203999999999999796e-03 2.496194736433329897e+00
6.474999999999999853e-03 2.808643797939999853e+00
-5.610999999999999668e-03 2.885840342499169875e+00
8.159999999999999936e-04 2.512724427256670001e+00
-2.500000000000000052e-04 2.469620678989170148e+00
-1.288800000000000015e-02 2.289589200871669838e+00
8.495000000000000814e-03 2.232839864690829845e+00
3.599999999999999901e-03 2.689221729744169842e+00
