-2.422000000000000108e-03 3.015176532494169948e+00
1.533999999999999990e-03 3.288397554711670168e+00
-1.890000000000000133e-04 3.173370239693329875e+00
-6.816000000000000010e-03 3.383480405599999852e+00
5.164000000000000187e-03 2.711261192726670100e+00
5.518999999999999601e-03 2.920692407705829829e+00
-8.130000000000000291e-04 3.495623166204170129e+00
-1.520000000000000084e-03 3.531499054073329980e+00
5.383999999999999897e-03 2.887873083694170173e+00
-2.896000000000000137e-03 2.607826392740829835e+00
-2.990000000000000036e-03 2.885840342499169875e+00
4.600000000000000004e-05 3.069846176671669813e+00
