5.140000000000000254e-04 2.654003626677500005e+00
-3.952999999999999917e-03 2.765161098790000160e+00
2.049999999999999956e-04 3.477675110559169891e+00
3.614000000000000025e-03 2.696385052234170132e+00
-6.381999999999999652e-03 2.848232117060829793e+00
-3.989000000000000358e-03 3.346187224156670137e+00
7.861999999999999197e-03 2.589181852388330096e+00
-4.121999999999999796e-03 2.693615501634170073e+00
3.493000000000000011e-03 2.768565300648750060e+00
8.208999999999999284e-03 3.091088901733329841e+00
6.629999999999999609e-04 3.323327811357500217e+00
-6.113999999999999643e-03 2.604552662213329928e+00
