-4.024999999999999932e-03 3.515451363184999956e+00
5.278999999999999838e-03 2.311288980515000091e+00
-1.910000000000000077e-04 3.115562594936669871e+00
-2.929999999999999879e-03 3.063190989340829784e+00
-4.174999999999999892e-03 2.910003366371670008e+00
6.557999999999999594e-03 3.091088901733329841e+00
-3.870999999999999875e-03 2.746812194639169924e+00
3.980000000000000031e-03 3.215854378122500190e+00
9.886000000000000690e-03 3.198459249767500179e+00
-7.060000000000000303e-03 3.748974966376669826e+00
-8.310000000000000329e-04 3.098557482439169952e+00
-2.619999999999999933e-03 2.848232117060829793e+00
