-4.024999999999999932e-03 3.169671990200829903e+00
5.278999999999999838e-03 2.311288980515000091e+00
-1.910000000000000077e-04 2.466548709025830011e+00
-2.929999999999999879e-03 2.423017778335830208e+00
-4.174999999999999892e-03 2.496194736433329897e+00
6.557999999999999594e-03 2.649287264275829834e+00
-3.870999999999999875e-03 2.463280187130830079e+00
3.980000000000000031e-03 2.797186331386670055e+00
9.886000000000000690e-03 2.887873083694170173e+00
-7.060000000000000303e-03 2.878675966484169901e+00
-8.310000000000000329e-04 2.678153099920829838e+00
-2.619999999999999933e-03 2.474262205700000106e+00
