-4.024999999999999932e-03 2.654003626677500005e+00
5.278999999999999838e-03 3.554459934575830093e+00
-1.910000000000000077e-04 3.422678836278330028e+00
-2.929999999999999879e-03 3.644814572479170067e+00
-4.174999999999999892e-03 3.097709143024999889e+00
6.557999999999999594e-03 3.159909139493750185e+00
-3.870999999999999875e-03 2.885840342499169875e+00
3.980000000000000031e-03 2.797186331386670055e+00
9.886000000000000690e-03 3.110932790737499953e+00
-7.060000000000000303e-03 4.009164337077920415e+00
-8.310000000000000329e-04 3.435653489584169940e+00
-2.619999999999999933e-03 3.069846176671669813e+00
