4.466000000000000351e-03 3.321491868097500078e+00
-3.014000000000000186e-03 2.633600530389999861e+00
3.099999999999999999e-04 2.672968507864169840e+00
1.830000000000000029e-04 3.110932790737499953e+00
-9.200000000000000278e-04 3.506392218752500067e+00
-2.203000000000000097e-03 3.346187224156670137e+00
5.569999999999999864e-04 3.210439496352500033e+00
-1.178000000000000011e-03 3.091088901733329841e+00
1.299999999999999886e-04 2.887873083694170173e+00
-2.102999999999999835e-03 2.878675966484169901e+00
3.043999999999999831e-03 2.885840342499169875e+00
7.269999999999999987e-04 3.069846176671669813e+00
