-6.049999999999999822e-03 3.093129878573329883e+00
5.875000000000000014e-03 2.474262205700000106e+00
9.806999999999999745e-03 2.466548709025830011e+00
-7.905000000000000568e-03 2.507884720399169876e+00
1.776999999999999934e-03 2.626259204186669916e+00
4.052000000000000046e-03 3.069072470875830128e+00
1.204999999999999908e-03 2.781334037115830160e+00
-3.959999999999999762e-04 3.023647238655000180e+00
5.426000000000000267e-03 2.631649450670829893e+00
-6.259999999999999939e-03 2.718454609123329924e+00
-4.910000000000000085e-04 2.678153099920829838e+00
-7.039000000000000118e-03 2.604552662213329928e+00
