-3.390000000000000001e-04 2.452747889534999892e+00
-2.164000000000000125e-03 2.633600530389999861e+00
1.569999999999999944e-04 2.672968507864169840e+00
1.053899999999999976e-02 2.423017778335830208e+00
-4.224000000000000324e-03 3.097709143024999889e+00
-4.873999999999999860e-03 2.649287264275829834e+00
-2.932999999999999843e-03 3.067902501211670074e+00
-5.519999999999999733e-04 2.797186331386670055e+00
1.420999999999999954e-03 3.110932790737499953e+00
1.580000000000000024e-03 3.291367351920829964e+00
1.275000000000000092e-03 2.678153099920829838e+00
1.140000000000000063e-04 2.887873083694170173e+00
