-5.075999999999999783e-03 3.015176532494169948e+00
1.207699999999999919e-02 2.633600530389999861e+00
-1.654000000000000088e-03 2.466548709025830011e+00
-4.297999999999999737e-03 3.110932790737499953e+00
-1.550000000000000000e-04 2.496194736433329897e+00
3.965999999999999907e-03 3.159909139493750185e+00
-7.394000000000000399e-03 2.885840342499169875e+00
1.614999999999999899e-03 2.797186331386670055e+00
3.475999999999999923e-03 2.887873083694170173e+00
-6.640000000000000069e-03 3.091088901733329841e+00
3.869999999999999742e-04 3.184694893079170086e+00
3.696000000000000067e-03 2.474262205700000106e+00
