-1.337700000000000000e-02 2.568261339060830206e+00
9.355000000000000468e-03 3.198459249767500179e+00
6.198000000000000384e-03 2.775401040593330038e+00
-7.722999999999999830e-03 2.696385052234170132e+00
1.941999999999999933e-03 3.097709143024999889e+00
3.210000000000000180e-03 2.808643797939999853e+00
-1.100100000000000036e-02 2.781334037115830160e+00
-8.869999999999999846e-04 2.934541733082919990e+00
2.236999999999999839e-03 3.630449961232499856e+00
-4.364999999999999956e-03 3.091088901733329841e+00
8.101000000000000562e-03 2.232839864690829845e+00
6.309999999999999637e-03 3.136782875271669990e+00
