8.042000000000000537e-03 3.321491868097500078e+00
-4.009999999999999893e-04 2.311288980515000091e+00
-3.040999999999999866e-03 3.036585112575830081e+00
2.579999999999999828e-03 2.808643797939999853e+00
3.164000000000000146e-03 2.711261192726670100e+00
-1.655999999999999920e-03 2.649287264275829834e+00
6.570000000000000319e-04 2.885840342499169875e+00
-3.088000000000000033e-03 2.626259204186669916e+00
-4.880999999999999922e-03 3.110932790737499953e+00
4.296999999999999605e-03 2.289589200871669838e+00
-2.279999999999999909e-03 2.475586401600000208e+00
-3.393000000000000183e-03 2.474262205700000106e+00
