-5.481999999999999894e-03 2.654003626677500005e+00
1.822000000000000052e-03 2.633600530389999861e+00
1.734999999999999997e-03 2.672968507864169840e+00
-2.720999999999999894e-03 2.626830755832500142e+00
4.082999999999999824e-03 2.883400558382500201e+00
4.154999999999999839e-03 2.730196924509169953e+00
-1.161200000000000079e-02 2.991204699891670149e+00
-1.716999999999999993e-03 2.797186331386670055e+00
4.041999999999999586e-03 2.887873083694170173e+00
-2.226999999999999813e-03 2.678153099920829838e+00
5.079000000000000181e-03 2.638046463695829846e+00
2.843000000000000041e-03 3.069846176671669813e+00
