4.775999999999999863e-03 3.844232197199170198e+00
-3.014999999999999885e-03 3.100652486853329837e+00
2.808999999999999865e-03 3.173370239693329875e+00
7.079000000000000223e-03 2.952689113646670194e+00
-4.671999999999999938e-03 3.380474998865000025e+00
5.150000000000000498e-04 3.159909139493750185e+00
2.756999999999999902e-03 3.210439496352500033e+00
-1.716000000000000077e-03 3.333589427757500001e+00
-5.310999999999999749e-03 3.110932790737499953e+00
-2.846000000000000005e-03 2.878675966484169901e+00
3.431000000000000022e-03 3.184694893079170086e+00
-3.808000000000000187e-03 3.333589427757500001e+00
