4.775999999999999863e-03 2.691074498547080029e+00
-3.014999999999999885e-03 2.967084663710830128e+00
2.808999999999999865e-03 2.906512073000000029e+00
7.079000000000000223e-03 2.453396371005830190e+00
-4.671999999999999938e-03 2.808643797939999853e+00
5.150000000000000498e-04 2.865909612323330080e+00
2.756999999999999902e-03 2.673386568951670039e+00
-1.716000000000000077e-03 2.512724427256670001e+00
-5.310999999999999749e-03 2.768565300648750060e+00
-2.846000000000000005e-03 2.788383731072499927e+00
3.431000000000000022e-03 2.363214412046669821e+00
-3.808000000000000187e-03 2.689221729744169842e+00
