-7.385000000000000071e-03 2.312266639981670036e+00
-1.910999999999999938e-03 2.474262205700000106e+00
4.577000000000000339e-03 3.036585112575830081e+00
-2.620000000000000258e-04 2.626830755832500142e+00
1.100000000000000066e-03 3.323327811357500217e+00
1.817999999999999955e-03 3.272719868867500104e+00
-1.459999999999999926e-03 2.673386568951670039e+00
-1.624999999999999925e-03 2.934541733082919990e+00
-7.550000000000000287e-04 3.110932790737499953e+00
-2.282000000000000174e-03 2.718454609123329924e+00
5.905999999999999792e-03 3.382167333160829958e+00
2.279000000000000210e-03 2.969677835105830166e+00
