-9.629999999999999888e-04 2.498834927969999953e+00
3.919999999999999873e-03 2.833800593516670130e+00
1.317999999999999944e-03 2.506568177727499958e+00
2.186000000000000009e-03 2.874774386328330156e+00
2.396999999999999825e-03 2.412808749871670155e+00
-6.623000000000000415e-03 2.773670190615829867e+00
8.250999999999999654e-03 2.633600530389999861e+00
-2.860999999999999828e-03 2.859898564588330139e+00
-1.051000000000000068e-03 2.543067248671670111e+00
-3.844000000000000195e-03 2.788383731072499927e+00
3.021999999999999947e-03 2.818595451293330001e+00
-5.753000000000000301e-03 2.581653247629169812e+00
