-7.761999999999999802e-03 2.861578711234169958e+00
3.965999999999999907e-03 2.633600530389999861e+00
3.030000000000000141e-03 2.672968507864169840e+00
-7.983000000000000512e-03 2.952689113646670194e+00
1.003099999999999999e-02 2.711261192726670100e+00
-5.889000000000000137e-03 3.159909139493750185e+00
-1.172999999999999998e-03 3.210439496352500033e+00
5.699000000000000073e-03 2.693615501634170073e+00
-2.970000000000000092e-04 3.013554336649169940e+00
-4.447999999999999697e-03 3.188253416951670083e+00
5.310000000000000050e-04 3.064782091047499879e+00
4.296000000000000339e-03 2.808643797939999853e+00
