-7.761999999999999802e-03 3.169671990200829903e+00
3.965999999999999907e-03 3.288397554711670168e+00
3.030000000000000141e-03 3.173370239693329875e+00
-7.983000000000000512e-03 2.808643797939999853e+00
1.003099999999999999e-02 2.910003366371670008e+00
-5.889000000000000137e-03 2.920692407705829829e+00
-1.172999999999999998e-03 3.346187224156670137e+00
5.699000000000000073e-03 3.388593771710000091e+00
-2.970000000000000092e-04 2.469620678989170148e+00
-4.447999999999999697e-03 2.445643564935000125e+00
5.310000000000000050e-04 2.885840342499169875e+00
4.296000000000000339e-03 2.808643797939999853e+00
