-7.761999999999999802e-03 2.654003626677500005e+00
3.965999999999999907e-03 3.432888597416670073e+00
3.030000000000000141e-03 3.173370239693329875e+00
-7.983000000000000512e-03 2.808643797939999853e+00
1.003099999999999999e-02 3.016202241574169829e+00
-5.889000000000000137e-03 3.069072470875830128e+00
-1.172999999999999998e-03 2.961506094162499991e+00
5.699000000000000073e-03 3.091088901733329841e+00
-2.970000000000000092e-04 3.110932790737499953e+00
-4.447999999999999697e-03 2.972576940943330026e+00
5.310000000000000050e-04 3.263172902849170054e+00
4.296000000000000339e-03 3.069846176671669813e+00
