2.825999999999999953e-03 3.169671990200829903e+00
2.008999999999999935e-03 3.853854074026669796e+00
-3.379000000000000059e-03 4.238871912685829635e+00
2.320000000000000014e-03 3.257677341010829952e+00
7.414999999999999716e-03 3.617742732074999967e+00
-5.335000000000000332e-03 3.932697512993330147e+00
-3.219000000000000073e-03 2.673386568951670039e+00
2.686000000000000019e-03 3.649124527290830144e+00
-5.049999999999999802e-03 4.278090181324169627e+00
1.662999999999999982e-03 3.091088901733329841e+00
-5.209999999999999788e-04 4.007227840135420216e+00
-1.413999999999999892e-03 3.679495149491669892e+00
