2.825999999999999953e-03 3.585468473592499983e+00
2.008999999999999935e-03 2.885840342499169875e+00
-3.379000000000000059e-03 2.883400558382500201e+00
2.320000000000000014e-03 3.644814572479170067e+00
7.414999999999999716e-03 3.380474998865000025e+00
-5.335000000000000332e-03 3.526920076280830152e+00
-3.219000000000000073e-03 3.495623166204170129e+00
2.686000000000000019e-03 3.091088901733329841e+00
-5.049999999999999802e-03 3.312606816262499976e+00
1.662999999999999982e-03 3.291367351920829964e+00
-5.209999999999999788e-04 3.435653489584169940e+00
-1.413999999999999892e-03 2.887873083694170173e+00
