-8.189999999999999581e-04 2.452747889534999892e+00
-2.880000000000000073e-04 3.100652486853329837e+00
-2.063999999999999863e-03 3.036585112575830081e+00
4.196000000000000077e-03 2.808643797939999853e+00
-6.112000000000000245e-03 3.097709143024999889e+00
8.441999999999999851e-03 3.159909139493750185e+00
-6.074999999999999671e-03 3.067902501211670074e+00
4.000000000000000192e-04 2.232839864690829845e+00
3.139999999999999996e-03 3.482246535817500099e+00
-1.636000000000000084e-03 4.519602254879170111e+00
-6.570000000000000319e-04 2.885840342499169875e+00
1.474000000000000050e-03 3.069846176671669813e+00
