-3.065000000000000016e-03 3.321491868097500078e+00
-4.078000000000000028e-03 4.842829507199169825e+00
-5.509999999999999490e-04 4.961917420811669643e+00
3.364999999999999936e-03 3.776588480504170064e+00
4.180000000000000230e-04 4.684868465484999689e+00
-6.829000000000000001e-03 4.582505486969170150e+00
2.824999999999999820e-03 3.646319843685000173e+00
-2.631000000000000092e-03 4.786669056210000051e+00
-2.245000000000000034e-03 4.625356110390420383e+00
9.523000000000000215e-03 3.649124527290830144e+00
3.750000000000000078e-04 4.559452620991669924e+00
2.892000000000000039e-03 4.874527906766250140e+00
