-1.531000000000000026e-03 3.585468473592499983e+00
3.917000000000000343e-03 4.041601257555829996e+00
-9.629999999999999888e-04 4.052894267909169734e+00
1.484000000000000076e-03 2.952689113646670194e+00
2.654000000000000109e-03 3.506392218752500067e+00
-1.675999999999999972e-03 3.806315235661669849e+00
-1.252000000000000075e-03 3.210439496352500033e+00
-3.110000000000000243e-04 3.880491689511670117e+00
-1.033999999999999980e-03 4.171942512845830286e+00
-2.070999999999999924e-03 3.649124527290830144e+00
2.635999999999999888e-03 4.160541818614169607e+00
-1.850999999999999998e-03 3.880491689511670117e+00
