-2.203000000000000097e-03 3.695849826027500118e+00
-5.820000000000000520e-04 3.100652486853329837e+00
1.621999999999999961e-03 3.513360760031670083e+00
1.165000000000000020e-03 3.776588480504170064e+00
-1.284999999999999901e-03 2.711261192726670100e+00
-3.141000000000000129e-03 3.159909139493750185e+00
6.960000000000000041e-04 3.210439496352500033e+00
6.054999999999999619e-03 3.091088901733329841e+00
-2.831000000000000183e-03 3.630449961232499856e+00
2.033000000000000085e-03 2.878675966484169901e+00
-2.088000000000000012e-03 3.064782091047499879e+00
5.590000000000000351e-04 3.069846176671669813e+00
