3.371999999999999997e-03 2.603649359371670080e+00
-3.899999999999999929e-04 3.001973113065830034e+00
-9.290000000000000297e-04 2.362728101793329927e+00
-2.426999999999999904e-03 2.459877182859170119e+00
1.647999999999999942e-03 2.243391379300000210e+00
-1.482000000000000027e-03 2.447809453425830117e+00
-1.810000000000000085e-04 2.408058425998329977e+00
-8.390000000000000105e-04 2.475852877672500174e+00
-1.039999999999999936e-04 2.509359416173329915e+00
2.008999999999999935e-03 2.475586401600000208e+00
1.649000000000000075e-03 2.626830755832500142e+00
-2.327000000000000075e-03 2.474262205700000106e+00
