2.952999999999999896e-03 2.861578711234169958e+00
4.065000000000000037e-03 3.554459934575830093e+00
5.169999999999999899e-04 3.173370239693329875e+00
-6.244999999999999683e-03 3.644814572479170067e+00
-1.190000000000000058e-04 2.910003366371670008e+00
-1.219000000000000031e-03 2.920692407705829829e+00
-2.124000000000000020e-03 2.885840342499169875e+00
-8.970000000000000109e-04 2.934541733082919990e+00
-3.491000000000000179e-03 3.312606816262499976e+00
2.680999999999999790e-03 2.607826392740829835e+00
2.932000000000000144e-03 2.885840342499169875e+00
9.470000000000000336e-04 3.069846176671669813e+00
