-2.171999999999999886e-03 3.695849826027500118e+00
9.309999999999999699e-04 2.885840342499169875e+00
-1.028999999999999967e-03 3.036585112575830081e+00
-1.232000000000000022e-03 3.257677341010829952e+00
-3.836000000000000000e-03 3.097709143024999889e+00
2.041999999999999978e-03 2.920692407705829829e+00
1.330999999999999935e-03 2.885840342499169875e+00
1.663999999999999898e-03 3.726146698654170031e+00
-1.113999999999999973e-03 3.482246535817500099e+00
4.615000000000000178e-03 3.649124527290830144e+00
1.659999999999999963e-04 3.531499054073329980e+00
-1.368000000000000075e-03 3.333589427757500001e+00
