-1.296999999999999976e-03 3.321491868097500078e+00
-5.276999999999999573e-03 2.311288980515000091e+00
-2.112000000000000162e-03 3.310803478648329801e+00
5.118000000000000153e-03 3.383480405599999852e+00
-3.699999999999999811e-05 3.251443298889999944e+00
-4.070000000000000267e-04 3.526920076280830152e+00
3.301000000000000115e-03 3.210439496352500033e+00
3.899999999999999929e-04 3.215854378122500190e+00
4.319999999999999838e-04 3.482246535817500099e+00
8.289999999999999843e-04 2.878675966484169901e+00
-2.903999999999999897e-03 3.064782091047499879e+00
1.964000000000000034e-03 3.333589427757500001e+00
