-1.296999999999999976e-03 2.654003626677500005e+00
-5.276999999999999573e-03 3.288397554711670168e+00
-2.112000000000000162e-03 3.310803478648329801e+00
5.118000000000000153e-03 3.383480405599999852e+00
-3.699999999999999811e-05 3.506392218752500067e+00
-4.070000000000000267e-04 3.346187224156670137e+00
3.301000000000000115e-03 2.885840342499169875e+00
3.899999999999999929e-04 3.448449969940829973e+00
4.319999999999999838e-04 3.110932790737499953e+00
8.289999999999999843e-04 4.009164337077920415e+00
-2.903999999999999897e-03 2.885840342499169875e+00
1.964000000000000034e-03 3.069846176671669813e+00
