1.268000000000000030e-03 2.289589200871669838e+00
-2.758000000000000035e-03 2.797081721761669915e+00
-3.589999999999999875e-03 2.608989490238330156e+00
-2.285000000000000139e-03 2.467626016108329878e+00
1.567000000000000033e-03 2.453396371005830190e+00
1.399000000000000070e-03 2.412108381078749808e+00
-7.499999999999999343e-05 2.340836796741669890e+00
3.664999999999999855e-03 2.319557372324169808e+00
-2.962999999999999922e-03 2.679039357521669995e+00
-3.488000000000000215e-03 2.500907342467499905e+00
9.909999999999999105e-04 2.368634131573749801e+00
6.270000000000000399e-03 2.624530291645830182e+00
