1.268000000000000030e-03 3.093129878573329883e+00
-2.758000000000000035e-03 2.633600530389999861e+00
-3.589999999999999875e-03 2.775401040593330038e+00
-2.285000000000000139e-03 3.110932790737499953e+00
1.567000000000000033e-03 3.380474998865000025e+00
1.399000000000000070e-03 2.649287264275829834e+00
-7.499999999999999343e-05 3.432888597416670073e+00
3.664999999999999855e-03 2.693615501634170073e+00
-2.962999999999999922e-03 2.631649450670829893e+00
-3.488000000000000215e-03 3.376394497626669988e+00
9.909999999999999105e-04 2.603649359371670080e+00
6.270000000000000399e-03 3.333589427757500001e+00
