1.268000000000000030e-03 2.912275816651670013e+00
-2.758000000000000035e-03 2.885840342499169875e+00
-3.589999999999999875e-03 2.775401040593330038e+00
-2.285000000000000139e-03 2.423017778335830208e+00
1.567000000000000033e-03 2.910003366371670008e+00
1.399000000000000070e-03 2.920692407705829829e+00
-7.499999999999999343e-05 2.589181852388330096e+00
3.664999999999999855e-03 2.512724427256670001e+00
-2.962999999999999922e-03 2.887873083694170173e+00
-3.488000000000000215e-03 2.718454609123329924e+00
9.909999999999999105e-04 3.113367012274169898e+00
6.270000000000000399e-03 2.689221729744169842e+00
