1.268000000000000030e-03 3.169671990200829903e+00
-2.758000000000000035e-03 3.288397554711670168e+00
-3.589999999999999875e-03 3.422678836278330028e+00
-2.285000000000000139e-03 2.808643797939999853e+00
1.567000000000000033e-03 2.711261192726670100e+00
1.399000000000000070e-03 3.159909139493750185e+00
-7.499999999999999343e-05 3.067902501211670074e+00
3.664999999999999855e-03 3.091088901733329841e+00
-2.962999999999999922e-03 3.110932790737499953e+00
-3.488000000000000215e-03 2.289589200871669838e+00
9.909999999999999105e-04 3.435653489584169940e+00
6.270000000000000399e-03 2.689221729744169842e+00
