-8.460000000000000506e-03 3.695849826027500118e+00
3.520999999999999824e-03 3.432888597416670073e+00
2.474000000000000071e-03 3.513360760031670083e+00
-6.949999999999999581e-03 4.409835926537500228e+00
3.978999999999999898e-03 3.506392218752500067e+00
4.725000000000000033e-03 3.526920076280830152e+00
-1.217200000000000053e-02 4.329717412763329776e+00
3.106999999999999953e-03 2.934541733082919990e+00
3.122999999999999908e-03 3.909846210603329819e+00
-9.479999999999999495e-04 2.607826392740829835e+00
4.000000000000000327e-05 3.531499054073329980e+00
7.561000000000000013e-03 3.592552239576670026e+00
