1.080200000000000084e-02 4.352882823775000354e+00
1.583999999999999905e-03 3.666104361145829937e+00
-2.439000000000000196e-03 3.310803478648329801e+00
-1.317999999999999944e-03 3.895020552933329938e+00
3.216000000000000109e-03 3.251443298889999944e+00
3.324999999999999831e-03 2.920692407705829829e+00
-2.733999999999999885e-03 3.346187224156670137e+00
1.564999999999999985e-03 2.934541733082919990e+00
-1.260999999999999968e-03 2.631649450670829893e+00
2.669999999999999847e-04 3.807950787064999787e+00
-8.028999999999999679e-03 3.184694893079170086e+00
-4.977999999999999786e-03 3.679495149491669892e+00
