1.080200000000000084e-02 3.015176532494169948e+00
1.583999999999999905e-03 2.885840342499169875e+00
-2.439000000000000196e-03 3.310803478648329801e+00
-1.317999999999999944e-03 3.511233145875829909e+00
3.216000000000000109e-03 3.617742732074999967e+00
3.324999999999999831e-03 3.526920076280830152e+00
-2.733999999999999885e-03 3.346187224156670137e+00
1.564999999999999985e-03 2.934541733082919990e+00
-1.260999999999999968e-03 3.482246535817500099e+00
2.669999999999999847e-04 2.878675966484169901e+00
-8.028999999999999679e-03 3.721864029499169835e+00
-4.977999999999999786e-03 3.069846176671669813e+00
