1.080200000000000084e-02 2.753895383479170178e+00
1.583999999999999905e-03 3.179103135220830101e+00
-2.439000000000000196e-03 3.357299790541670159e+00
-1.317999999999999944e-03 2.903247350754170064e+00
3.216000000000000109e-03 3.443495813353329993e+00
3.324999999999999831e-03 2.761840708034999814e+00
-2.733999999999999885e-03 2.615355698615000168e+00
1.564999999999999985e-03 2.865909612323330080e+00
-1.260999999999999968e-03 3.198459249767500179e+00
2.669999999999999847e-04 3.161525229510830037e+00
-8.028999999999999679e-03 3.802975839610000186e+00
-4.977999999999999786e-03 3.303539293095830054e+00
