1.080200000000000084e-02 2.568261339060830206e+00
1.583999999999999905e-03 3.036585112575830081e+00
-2.439000000000000196e-03 2.910003366371670008e+00
-1.317999999999999944e-03 2.673386568951670039e+00
3.216000000000000109e-03 3.047021664560829901e+00
3.324999999999999831e-03 2.874774386328330156e+00
-2.733999999999999885e-03 2.505195713344170017e+00
1.564999999999999985e-03 2.743859287471670072e+00
-1.260999999999999968e-03 2.704317027463329914e+00
2.669999999999999847e-04 2.920692407705829829e+00
-8.028999999999999679e-03 3.323327811357500217e+00
-4.977999999999999786e-03 2.848232117060829793e+00
