-1.000000000000000082e-05 2.861578711234169958e+00
-2.530000000000000131e-03 3.100652486853329837e+00
1.626999999999999974e-03 2.883400558382500201e+00
2.938000000000000073e-03 2.952689113646670194e+00
4.055999999999999710e-03 2.711261192726670100e+00
4.464000000000000086e-03 2.317647794300830011e+00
2.831000000000000183e-03 3.495623166204170129e+00
-4.659999999999999971e-04 2.797186331386670055e+00
-3.883000000000000167e-03 3.110932790737499953e+00
-7.986000000000000043e-03 2.607826392740829835e+00
-2.480000000000000000e-03 2.885840342499169875e+00
1.438999999999999958e-03 2.887873083694170173e+00
