-1.000000000000000082e-05 3.321491868097500078e+00
-2.530000000000000131e-03 2.633600530389999861e+00
1.626999999999999974e-03 3.036585112575830081e+00
2.938000000000000073e-03 3.257677341010829952e+00
4.055999999999999710e-03 3.097709143024999889e+00
4.464000000000000086e-03 3.346187224156670137e+00
2.831000000000000183e-03 2.885840342499169875e+00
-4.659999999999999971e-04 2.797186331386670055e+00
-3.883000000000000167e-03 2.887873083694170173e+00
-7.986000000000000043e-03 3.477675110559169891e+00
-2.480000000000000000e-03 3.064782091047499879e+00
1.438999999999999958e-03 2.689221729744169842e+00
