2.671999999999999896e-03 3.169671990200829903e+00
-5.500000000000000196e-05 2.311288980515000091e+00
2.296999999999999997e-03 2.883400558382500201e+00
-7.299999999999999632e-04 2.808643797939999853e+00
-3.596999999999999937e-03 3.097709143024999889e+00
-3.484999999999999817e-03 2.920692407705829829e+00
4.977999999999999786e-03 3.210439496352500033e+00
-4.669000000000000407e-03 2.797186331386670055e+00
2.651000000000000145e-03 2.631649450670829893e+00
2.786999999999999981e-03 2.878675966484169901e+00
-2.371999999999999977e-03 2.885840342499169875e+00
-4.780000000000000178e-04 2.474262205700000106e+00
