2.159999999999999919e-04 3.169671990200829903e+00
2.582000000000000094e-03 2.885840342499169875e+00
7.393000000000000266e-03 2.672968507864169840e+00
4.184000000000000219e-03 3.257677341010829952e+00
-7.114999999999999797e-03 2.711261192726670100e+00
-2.477000000000000035e-03 3.346187224156670137e+00
-2.909000000000000127e-03 2.885840342499169875e+00
4.321000000000000188e-03 3.333589427757500001e+00
-1.700000000000000122e-04 3.110932790737499953e+00
-4.185000000000000352e-03 2.878675966484169901e+00
-1.714000000000000029e-03 3.435653489584169940e+00
-1.250000000000000026e-04 2.689221729744169842e+00
