1.217999999999999899e-03 2.654003626677500005e+00
9.120000000000000502e-04 2.967084663710830128e+00
-3.334999999999999857e-03 2.724967182811670163e+00
7.355000000000000426e-03 2.507884720399169876e+00
3.139999999999999996e-03 2.883400558382500201e+00
1.544999999999999932e-03 2.589181852388330096e+00
-3.480000000000000020e-04 2.920692407705829829e+00
-3.213999999999999843e-03 2.321779771429170136e+00
3.298000000000000150e-03 2.429462958750829848e+00
4.597999999999999657e-03 2.445643564935000125e+00
-8.262999999999999512e-03 2.920692407705829829e+00
-6.904999999999999680e-03 2.565269012828330197e+00
