1.217999999999999899e-03 3.015176532494169948e+00
9.120000000000000502e-04 2.430726634215830018e+00
-3.334999999999999857e-03 2.362728101793329927e+00
7.355000000000000426e-03 2.808643797939999853e+00
3.139999999999999996e-03 2.602766760828330028e+00
1.544999999999999932e-03 2.761840708034999814e+00
-3.480000000000000020e-04 2.820009563544580100e+00
-3.213999999999999843e-03 2.857424835184999790e+00
3.298000000000000150e-03 2.555674054861249989e+00
4.597999999999999657e-03 2.445643564935000125e+00
-8.262999999999999512e-03 2.978133857925000072e+00
-6.904999999999999680e-03 2.565269012828330197e+00
