1.217999999999999899e-03 2.485565274278330072e+00
9.120000000000000502e-04 2.808643797939999853e+00
-3.334999999999999857e-03 2.968813010024169863e+00
7.355000000000000426e-03 2.559527934735830179e+00
3.139999999999999996e-03 2.649287264275829834e+00
1.544999999999999932e-03 2.920692407705829829e+00
-3.480000000000000020e-04 2.961506094162499991e+00
-3.213999999999999843e-03 2.475852877672500174e+00
3.298000000000000150e-03 2.308312228881669981e+00
4.597999999999999657e-03 2.775401040593330038e+00
-8.262999999999999512e-03 2.475586401600000208e+00
-6.904999999999999680e-03 2.604552662213329928e+00
