4.353000000000000098e-03 3.169671990200829903e+00
6.056999999999999884e-03 2.885840342499169875e+00
-1.968000000000000131e-03 3.173370239693329875e+00
3.305999999999999911e-03 2.626830755832500142e+00
5.073000000000000252e-03 3.251443298889999944e+00
-1.240999999999999916e-03 2.649287264275829834e+00
-1.118000000000000070e-03 3.067902501211670074e+00
3.719999999999999891e-04 2.429781636614170015e+00
-1.273600000000000079e-02 3.312606816262499976e+00
2.154000000000000099e-03 3.291367351920829964e+00
-2.360999999999999818e-03 2.475586401600000208e+00
-1.892999999999999934e-03 2.887873083694170173e+00
