-1.830000000000000029e-03 3.093129878573329883e+00
2.797000000000000007e-03 2.885840342499169875e+00
-2.841999999999999908e-03 3.240785446584169893e+00
2.939999999999999905e-03 3.257677341010829952e+00
-1.536000000000000039e-03 2.711261192726670100e+00
-9.709999999999999664e-04 2.808643797939999853e+00
1.822000000000000052e-03 3.646319843685000173e+00
1.830999999999999945e-03 3.091088901733329841e+00
3.625000000000000184e-03 3.312606816262499976e+00
5.680000000000000370e-04 3.291367351920829964e+00
-3.599999999999999901e-03 3.113367012274169898e+00
-2.804000000000000069e-03 3.288397554711670168e+00
