-1.830000000000000029e-03 2.912275816651670013e+00
2.797000000000000007e-03 2.885840342499169875e+00
-2.841999999999999908e-03 3.100652486853329837e+00
2.939999999999999905e-03 4.052894267909169734e+00
-1.536000000000000039e-03 3.506392218752500067e+00
-9.709999999999999664e-04 3.759098109651669795e+00
1.822000000000000052e-03 3.067902501211670074e+00
1.830999999999999945e-03 2.626259204186669916e+00
3.625000000000000184e-03 3.312606816262499976e+00
5.680000000000000370e-04 2.878675966484169901e+00
-3.599999999999999901e-03 3.113367012274169898e+00
-2.804000000000000069e-03 3.136782875271669990e+00
