-9.428999999999999881e-03 3.321491868097500078e+00
3.546000000000000107e-03 3.288397554711670168e+00
9.959999999999999236e-04 2.232839864690829845e+00
-5.917999999999999650e-03 3.383480405599999852e+00
-2.750000000000000166e-04 2.910003366371670008e+00
3.444000000000000013e-03 2.649287264275829834e+00
-7.749999999999999728e-04 3.210439496352500033e+00
-2.138999999999999842e-03 3.649124527290830144e+00
1.688000000000000047e-03 3.110932790737499953e+00
3.410999999999999970e-03 3.091088901733329841e+00
4.959999999999999999e-03 3.435653489584169940e+00
4.920000000000000328e-04 3.069846176671669813e+00
