2.360000000000000119e-03 3.585468473592499983e+00
-1.381999999999999982e-03 3.432888597416670073e+00
3.260000000000000094e-04 3.310803478648329801e+00
-9.899999999999999946e-04 4.052894267909169734e+00
2.616999999999999969e-03 3.380474998865000025e+00
8.019999999999999785e-04 3.670384358495829780e+00
-2.749000000000000141e-03 3.939983452114999896e+00
4.183000000000000086e-03 3.531499054073329980e+00
-7.709999999999999840e-04 2.631649450670829893e+00
-2.488000000000000194e-03 3.291367351920829964e+00
-2.727999999999999956e-03 3.645774654929999858e+00
8.210000000000000067e-04 3.477675110559169891e+00
