-7.948000000000000204e-03 3.169671990200829903e+00
1.013000000000000012e-03 3.001973113065830034e+00
5.727000000000000320e-03 3.173370239693329875e+00
-4.791000000000000120e-03 3.895020552933329938e+00
4.445000000000000166e-03 2.626259204186669916e+00
3.155999999999999951e-03 3.272719868867500104e+00
7.434999999999999769e-03 3.067902501211670074e+00
2.460000000000000164e-04 3.333589427757500001e+00
-1.359999999999999989e-04 3.013554336649169940e+00
-8.470999999999999364e-03 3.091088901733329841e+00
-6.340000000000000149e-04 3.064782091047499879e+00
-4.199999999999999768e-05 3.136782875271669990e+00
