-1.245000000000000013e-03 3.585468473592499983e+00
8.999999999999999754e-04 4.087409504922500325e+00
2.527999999999999865e-03 3.965798510213330186e+00
-2.605999999999999810e-03 4.409835926537500228e+00
-4.899999999999999842e-05 4.052894267909169734e+00
-1.500999999999999947e-03 3.670384358495829780e+00
-2.288999999999999802e-03 3.646319843685000173e+00
-2.197000000000000168e-03 3.880491689511670117e+00
2.301000000000000094e-03 4.052894267909169734e+00
2.899000000000000101e-03 3.477675110559169891e+00
-1.910000000000000022e-03 3.880491689511670117e+00
3.170000000000000075e-03 3.795196248818749840e+00
