1.570999999999999914e-03 3.321491868097500078e+00
-2.817000000000000060e-03 2.765161098790000160e+00
-4.539999999999999765e-03 3.036585112575830081e+00
-6.350000000000000392e-04 2.808643797939999853e+00
4.858000000000000339e-03 2.626259204186669916e+00
9.290000000000000297e-04 2.649287264275829834e+00
1.100000000000000066e-03 2.961506094162499991e+00
-2.837999999999999811e-03 2.797186331386670055e+00
-1.433999999999999945e-03 2.631649450670829893e+00
4.739000000000000157e-03 2.878675966484169901e+00
4.299999999999999894e-04 2.678153099920829838e+00
-1.361999999999999929e-03 2.604552662213329928e+00
