1.570999999999999914e-03 2.697573116506669866e+00
-2.817000000000000060e-03 2.885840342499169875e+00
-4.539999999999999765e-03 2.466548709025830011e+00
-6.350000000000000392e-04 2.696385052234170132e+00
4.858000000000000339e-03 2.808643797939999853e+00
9.290000000000000297e-04 2.317647794300830011e+00
1.100000000000000066e-03 2.835878956535830220e+00
-2.837999999999999811e-03 2.797186331386670055e+00
-1.433999999999999945e-03 2.974168984337500099e+00
4.739000000000000157e-03 2.445643564935000125e+00
4.299999999999999894e-04 2.331366552131670211e+00
-1.361999999999999929e-03 2.855993558841670055e+00
