1.570999999999999914e-03 3.321491868097500078e+00
-2.817000000000000060e-03 3.100652486853329837e+00
-4.539999999999999765e-03 3.036585112575830081e+00
-6.350000000000000392e-04 2.952689113646670194e+00
4.858000000000000339e-03 2.910003366371670008e+00
9.290000000000000297e-04 3.159909139493750185e+00
1.100000000000000066e-03 3.495623166204170129e+00
-2.837999999999999811e-03 2.934541733082919990e+00
-1.433999999999999945e-03 3.630449961232499856e+00
4.739000000000000157e-03 3.091088901733329841e+00
4.299999999999999894e-04 3.531499054073329980e+00
-1.361999999999999929e-03 2.689221729744169842e+00
