1.570999999999999914e-03 3.321491868097500078e+00
-2.817000000000000060e-03 3.100652486853329837e+00
-4.539999999999999765e-03 2.883400558382500201e+00
-6.350000000000000392e-04 3.383480405599999852e+00
4.858000000000000339e-03 3.097709143024999889e+00
9.290000000000000297e-04 2.649287264275829834e+00
1.100000000000000066e-03 3.346187224156670137e+00
-2.837999999999999811e-03 3.448449969940829973e+00
-1.433999999999999945e-03 3.312606816262499976e+00
4.739000000000000157e-03 3.091088901733329841e+00
4.299999999999999894e-04 3.323327811357500217e+00
-1.361999999999999929e-03 3.210370848814580125e+00
