1.570999999999999914e-03 3.015176532494169948e+00
-2.817000000000000060e-03 2.765161098790000160e+00
-4.539999999999999765e-03 3.036585112575830081e+00
-6.350000000000000392e-04 2.423017778335830208e+00
4.858000000000000339e-03 2.357709953982499940e+00
9.290000000000000297e-04 3.346187224156670137e+00
1.100000000000000066e-03 2.589181852388330096e+00
-2.837999999999999811e-03 2.429781636614170015e+00
-1.433999999999999945e-03 2.887873083694170173e+00
4.739000000000000157e-03 2.607826392740829835e+00
4.299999999999999894e-04 3.323327811357500217e+00
-1.361999999999999929e-03 3.288397554711670168e+00
