-8.040000000000000271e-04 3.321491868097500078e+00
2.576000000000000165e-03 3.432888597416670073e+00
-2.086999999999999880e-03 3.422678836278330028e+00
-9.449999999999999850e-04 3.511233145875829909e+00
-3.743999999999999932e-03 3.617742732074999967e+00
4.199999999999999768e-05 3.806315235661669849e+00
1.497999999999999983e-03 3.067902501211670074e+00
2.889999999999999774e-04 3.333589427757500001e+00
3.302999999999999946e-03 3.776588480504170064e+00
6.520000000000000188e-04 3.291367351920829964e+00
-3.382000000000000024e-03 3.645774654929999858e+00
2.602000000000000146e-03 3.477675110559169891e+00
