3.726999999999999844e-03 2.654003626677500005e+00
2.220000000000000185e-03 3.100652486853329837e+00
-7.576000000000000269e-03 2.883400558382500201e+00
-1.544000000000000017e-03 3.644814572479170067e+00
7.159999999999999481e-04 3.617742732074999967e+00
2.521999999999999936e-03 2.317647794300830011e+00
9.489999999999999738e-04 2.463280187130830079e+00
5.952999999999999958e-03 3.448449969940829973e+00
8.450000000000000479e-04 2.887873083694170173e+00
-1.907999999999999974e-03 2.878675966484169901e+00
-2.321000000000000146e-03 3.531499054073329980e+00
-3.582999999999999814e-03 3.795196248818749840e+00
