3.726999999999999844e-03 2.654003626677500005e+00
2.220000000000000185e-03 3.001973113065830034e+00
-7.576000000000000269e-03 3.346187224156670137e+00
-1.544000000000000017e-03 3.063190989340829784e+00
7.159999999999999481e-04 2.910003366371670008e+00
2.521999999999999936e-03 3.272719868867500104e+00
9.489999999999999738e-04 3.432888597416670073e+00
5.952999999999999958e-03 3.023647238655000180e+00
8.450000000000000479e-04 2.308312228881669981e+00
-1.907999999999999974e-03 2.607826392740829835e+00
-2.321000000000000146e-03 3.323327811357500217e+00
-3.582999999999999814e-03 3.069846176671669813e+00
