3.726999999999999844e-03 3.169671990200829903e+00
2.220000000000000185e-03 2.633600530389999861e+00
-7.576000000000000269e-03 2.672968507864169840e+00
-1.544000000000000017e-03 3.511233145875829909e+00
7.159999999999999481e-04 3.097709143024999889e+00
2.521999999999999936e-03 3.346187224156670137e+00
9.489999999999999738e-04 2.885840342499169875e+00
5.952999999999999958e-03 3.091088901733329841e+00
8.450000000000000479e-04 2.631649450670829893e+00
-1.907999999999999974e-03 2.607826392740829835e+00
-2.321000000000000146e-03 3.184694893079170086e+00
-3.582999999999999814e-03 2.689221729744169842e+00
