3.726999999999999844e-03 3.169671990200829903e+00
2.220000000000000185e-03 3.347122621728749969e+00
-7.576000000000000269e-03 3.100652486853329837e+00
-1.544000000000000017e-03 2.696385052234170132e+00
7.159999999999999481e-04 2.910003366371670008e+00
2.521999999999999936e-03 2.808643797939999853e+00
9.489999999999999738e-04 3.432888597416670073e+00
5.952999999999999958e-03 3.023647238655000180e+00
8.450000000000000479e-04 2.887873083694170173e+00
-1.907999999999999974e-03 3.291367351920829964e+00
-2.321000000000000146e-03 3.435653489584169940e+00
-3.582999999999999814e-03 3.333589427757500001e+00
