-3.742999999999999799e-03 3.015176532494169948e+00
1.327000000000000055e-03 2.885840342499169875e+00
-3.880000000000000202e-03 2.883400558382500201e+00
7.993000000000000105e-03 2.626830755832500142e+00
3.193000000000000092e-03 2.910003366371670008e+00
-8.470999999999999364e-03 3.159909139493750185e+00
-5.959999999999999586e-04 2.673386568951670039e+00
3.485999999999999949e-03 3.333589427757500001e+00
3.253999999999999948e-03 2.887873083694170173e+00
2.147000000000000037e-03 3.291367351920829964e+00
-5.634000000000000119e-03 2.678153099920829838e+00
9.229999999999999923e-04 3.069846176671669813e+00
