9.039999999999999642e-04 3.093129878573329883e+00
-1.789999999999999870e-04 3.288397554711670168e+00
-5.793000000000000406e-03 3.310803478648329801e+00
3.384999999999999988e-03 2.626830755832500142e+00
-4.374000000000000284e-03 2.910003366371670008e+00
1.897000000000000032e-03 2.317647794300830011e+00
4.054000000000000312e-03 2.463280187130830079e+00
-5.899999999999999754e-05 3.023647238655000180e+00
-5.007000000000000166e-03 2.887873083694170173e+00
5.781999999999999813e-03 2.607826392740829835e+00
-5.490000000000000088e-04 2.678153099920829838e+00
-6.099999999999999872e-05 2.969677835105830166e+00
