-8.358000000000000845e-03 3.015176532494169948e+00
5.029999999999999749e-03 2.885840342499169875e+00
-2.431000000000000001e-03 2.883400558382500201e+00
1.561000000000000104e-03 2.952689113646670194e+00
-7.106000000000000337e-03 2.910003366371670008e+00
-3.490000000000000047e-03 2.920692407705829829e+00
-5.109999999999999525e-04 3.210439496352500033e+00
5.707000000000000267e-03 2.626259204186669916e+00
7.195000000000000007e-03 2.631649450670829893e+00
-3.082000000000000104e-03 2.289589200871669838e+00
2.056999999999999801e-03 2.475586401600000208e+00
3.428000000000000057e-03 3.592552239576670026e+00
