-8.358000000000000845e-03 3.455872847469169784e+00
5.029999999999999749e-03 4.233934728224170385e+00
-2.431000000000000001e-03 4.561219400478329966e+00
1.561000000000000104e-03 4.052894267909169734e+00
-7.106000000000000337e-03 4.301069969247500069e+00
-3.490000000000000047e-03 4.247490107064169962e+00
-5.109999999999999525e-04 4.329717412763329776e+00
5.707000000000000267e-03 4.119306999969169603e+00
7.195000000000000007e-03 4.052894267909169734e+00
-3.082000000000000104e-03 4.009164337077920415e+00
2.056999999999999801e-03 4.392961542878330405e+00
3.428000000000000057e-03 4.614326814093329787e+00
