-8.358000000000000845e-03 4.001390345366670154e+00
5.029999999999999749e-03 2.885840342499169875e+00
-2.431000000000000001e-03 3.036585112575830081e+00
1.561000000000000104e-03 3.511233145875829909e+00
-7.106000000000000337e-03 3.380474998865000025e+00
-3.490000000000000047e-03 3.346187224156670137e+00
-5.109999999999999525e-04 3.210439496352500033e+00
5.707000000000000267e-03 3.333589427757500001e+00
7.195000000000000007e-03 2.631649450670829893e+00
-3.082000000000000104e-03 3.091088901733329841e+00
2.056999999999999801e-03 3.323327811357500217e+00
3.428000000000000057e-03 2.689221729744169842e+00
