7.609999999999999577e-04 2.452747889534999892e+00
-2.239999999999999966e-04 2.311288980515000091e+00
6.176000000000000066e-03 2.672968507864169840e+00
-2.773999999999999990e-03 3.511233145875829909e+00
-3.137000000000000031e-03 2.711261192726670100e+00
2.887999999999999942e-03 2.649287264275829834e+00
-9.017999999999999974e-03 3.210439496352500033e+00
4.659999999999999971e-04 2.797186331386670055e+00
5.843000000000000103e-03 2.308312228881669981e+00
4.339999999999999782e-04 2.607826392740829835e+00
-6.560000000000000076e-04 2.678153099920829838e+00
-7.600000000000000418e-04 2.689221729744169842e+00
