-7.479999999999999670e-04 3.695849826027500118e+00
5.760000000000000146e-04 3.288397554711670168e+00
-3.240000000000000150e-04 3.036585112575830081e+00
1.951000000000000043e-03 2.626830755832500142e+00
-7.297999999999999800e-03 3.380474998865000025e+00
-1.399999999999999986e-03 2.649287264275829834e+00
1.268000000000000030e-03 3.067902501211670074e+00
-5.040000000000000209e-03 3.215854378122500190e+00
6.161999999999999943e-03 2.887873083694170173e+00
7.455999999999999954e-03 2.878675966484169901e+00
-2.333000000000000004e-03 3.323327811357500217e+00
-2.700000000000000035e-04 2.474262205700000106e+00
