-7.479999999999999670e-04 3.455872847469169784e+00
5.760000000000000146e-04 3.432888597416670073e+00
-3.240000000000000150e-04 3.422678836278330028e+00
1.951000000000000043e-03 3.257677341010829952e+00
-7.297999999999999800e-03 3.251443298889999944e+00
-1.399999999999999986e-03 3.346187224156670137e+00
1.268000000000000030e-03 3.646319843685000173e+00
-5.040000000000000209e-03 3.215854378122500190e+00
6.161999999999999943e-03 2.887873083694170173e+00
7.455999999999999954e-03 2.878675966484169901e+00
-2.333000000000000004e-03 3.531499054073329980e+00
-2.700000000000000035e-04 3.210370848814580125e+00
