-5.281000000000000104e-03 3.093129878573329883e+00
1.709999999999999932e-03 3.100652486853329837e+00
-1.155999999999999910e-03 2.589181852388330096e+00
4.840999999999999817e-03 2.952689113646670194e+00
2.273999999999999980e-03 3.455872847469169784e+00
-2.712000000000000001e-03 2.317647794300830011e+00
-2.039000000000000014e-03 2.781334037115830160e+00
1.242000000000000048e-03 2.693615501634170073e+00
1.165999999999999936e-03 2.631649450670829893e+00
-6.465000000000000260e-03 2.718454609123329924e+00
2.200999999999999832e-03 2.603649359371670080e+00
4.219999999999999793e-03 2.887873083694170173e+00
