-5.281000000000000104e-03 2.312266639981670036e+00
1.709999999999999932e-03 2.633600530389999861e+00
-1.155999999999999910e-03 3.100652486853329837e+00
4.840999999999999817e-03 3.383480405599999852e+00
2.273999999999999980e-03 2.848232117060829793e+00
-2.712000000000000001e-03 2.920692407705829829e+00
-2.039000000000000014e-03 2.589181852388330096e+00
1.242000000000000048e-03 2.885840342499169875e+00
1.165999999999999936e-03 2.887873083694170173e+00
-6.465000000000000260e-03 2.445643564935000125e+00
2.200999999999999832e-03 2.788383731072499927e+00
4.219999999999999793e-03 3.210370848814580125e+00
