4.196000000000000077e-03 2.793218121180829794e+00
1.034999999999999896e-03 3.038116324811670044e+00
-2.462999999999999912e-03 2.731914790659169867e+00
1.881000000000000076e-03 2.899860850240000065e+00
-8.970000000000000109e-04 2.910003366371670008e+00
-2.565000000000000006e-03 2.920692407705829829e+00
4.910000000000000085e-04 2.820009563544580100e+00
-2.318000000000000182e-03 2.797186331386670055e+00
1.051999999999999984e-03 2.887873083694170173e+00
-2.748000000000000009e-03 2.934857571999169856e+00
7.190000000000000210e-04 2.986731498590830203e+00
1.616999999999999948e-03 3.069846176671669813e+00
