2.292000000000000200e-03 2.861578711234169958e+00
-1.443999999999999971e-03 2.633600530389999861e+00
-4.079999999999999968e-04 3.036585112575830081e+00
-9.899999999999999946e-04 3.257677341010829952e+00
-9.770000000000000039e-04 3.380474998865000025e+00
-3.980000000000000248e-04 3.932697512993330147e+00
6.700000000000000226e-04 3.495623166204170129e+00
4.300000000000000165e-05 3.333589427757500001e+00
1.690000000000000096e-03 3.482246535817500099e+00
3.272000000000000169e-03 3.807950787064999787e+00
-2.446999999999999956e-03 3.184694893079170086e+00
-1.302999999999999905e-03 3.210370848814580125e+00
