6.559999999999999859e-03 2.782491664247499941e+00
1.373000000000000088e-03 2.765161098790000160e+00
-2.838999999999999944e-03 2.775401040593330038e+00
1.333999999999999899e-03 2.885840342499169875e+00
7.739999999999999485e-04 2.808643797939999853e+00
-8.999999999999999754e-04 2.808643797939999853e+00
1.016099999999999989e-02 2.725757177794999819e+00
-3.759999999999999887e-03 2.797186331386670055e+00
-1.327999999999999970e-03 2.833650752064170053e+00
-3.770000000000000022e-04 2.678153099920829838e+00
-1.129999999999999928e-02 2.533588103396669844e+00
3.009999999999999980e-04 2.761840708034999814e+00
