-1.027199999999999988e-02 3.379376201191670148e+00
8.855000000000000024e-03 3.347122621728749969e+00
2.491999999999999858e-03 3.604012066843329976e+00
3.203000000000000118e-03 3.644814572479170067e+00
-2.164999999999999824e-03 3.097709143024999889e+00
-1.216000000000000067e-03 3.880491689511670117e+00
-2.727999999999999956e-03 3.346187224156670137e+00
-7.560000000000000530e-04 3.333589427757500001e+00
2.654999999999999808e-03 3.312606816262499976e+00
-9.391000000000000042e-03 3.552087894121669809e+00
6.013000000000000116e-03 3.263172902849170054e+00
3.310000000000000008e-03 3.210370848814580125e+00
