2.400000000000000061e-05 2.654003626677500005e+00
-2.096999999999999906e-03 2.633600530389999861e+00
-3.239000000000000126e-03 2.589181852388330096e+00
1.709999999999999932e-03 2.626830755832500142e+00
4.699999999999999859e-04 2.626259204186669916e+00
-8.829999999999999958e-04 2.649287264275829834e+00
-5.890000000000000270e-03 2.319846410246670043e+00
-7.200000000000000453e-04 2.512724427256670001e+00
3.660000000000000059e-04 2.308312228881669981e+00
9.901000000000000079e-03 2.718454609123329924e+00
4.067000000000000302e-03 2.475586401600000208e+00
-3.709000000000000057e-03 2.474262205700000106e+00
