-6.653000000000000060e-03 2.452747889534999892e+00
1.445000000000000104e-03 2.765161098790000160e+00
4.298999999999999870e-03 2.933572266770830161e+00
-6.409999999999999899e-03 2.885840342499169875e+00
-9.060000000000000128e-04 2.357709953982499940e+00
5.427999999999999665e-03 2.920692407705829829e+00
-4.778000000000000129e-03 2.589181852388330096e+00
8.019999999999999785e-04 2.885840342499169875e+00
5.229000000000000141e-03 2.887873083694170173e+00
-1.227000000000000009e-03 3.091088901733329841e+00
4.961000000000000132e-03 2.603649359371670080e+00
-2.190999999999999805e-03 2.689221729744169842e+00
