-6.653000000000000060e-03 3.093129878573329883e+00
1.445000000000000104e-03 2.885840342499169875e+00
4.298999999999999870e-03 2.775401040593330038e+00
-6.409999999999999899e-03 2.287867576024170013e+00
-9.060000000000000128e-04 3.016202241574169829e+00
5.427999999999999665e-03 3.272719868867500104e+00
-4.778000000000000129e-03 2.961506094162499991e+00
8.019999999999999785e-04 2.885840342499169875e+00
5.229000000000000141e-03 3.215854378122500190e+00
-1.227000000000000009e-03 3.376394497626669988e+00
4.961000000000000132e-03 3.113367012274169898e+00
-2.190999999999999805e-03 2.969677835105830166e+00
