-2.818000000000000192e-03 3.455872847469169784e+00
-2.223000000000000149e-03 2.885840342499169875e+00
-5.039999999999999992e-04 2.883400558382500201e+00
5.067000000000000323e-03 3.383480405599999852e+00
-2.046000000000000076e-03 3.097709143024999889e+00
-9.740000000000000394e-04 3.159909139493750185e+00
3.768000000000000082e-03 3.067902501211670074e+00
-5.469999999999999602e-04 2.626259204186669916e+00
-3.442999999999999880e-03 3.312606816262499976e+00
1.670000000000000043e-03 3.477675110559169891e+00
8.189999999999999581e-04 3.323327811357500217e+00
1.229999999999999974e-03 2.887873083694170173e+00
