-5.529999999999999976e-04 3.015176532494169948e+00
-1.404000000000000083e-03 3.100652486853329837e+00
4.000000000000000327e-05 2.232839864690829845e+00
1.837000000000000091e-03 3.257677341010829952e+00
4.155999999999999972e-03 2.243391379300000210e+00
-1.680999999999999986e-03 2.649287264275829834e+00
-1.059000000000000045e-03 3.346187224156670137e+00
-2.792999999999999910e-03 2.797186331386670055e+00
-7.280000000000000230e-04 2.887873083694170173e+00
3.209999999999999963e-04 3.291367351920829964e+00
-3.289999999999999739e-04 2.678153099920829838e+00
2.191999999999999938e-03 3.333589427757500001e+00
