1.320999999999999909e-03 2.912275816651670013e+00
1.069999999999999988e-03 2.512724427256670001e+00
-3.340000000000000087e-03 3.115562594936669871e+00
1.920000000000000049e-04 2.874774386328330156e+00
4.342000000000000373e-03 2.711261192726670100e+00
6.080000000000000335e-04 2.920692407705829829e+00
4.369999999999999970e-04 2.820009563544580100e+00
-3.284000000000000027e-03 2.797186331386670055e+00
1.771999999999999921e-03 2.887873083694170173e+00
2.490000000000000026e-03 3.091088901733329841e+00
-6.577999999999999646e-03 3.184694893079170086e+00
9.700000000000000505e-04 3.069846176671669813e+00
