-2.258000000000000024e-03 3.455872847469169784e+00
-1.840999999999999972e-03 4.684757005219170267e+00
-5.800000000000000034e-05 4.375678476697499875e+00
9.879999999999999460e-04 3.257677341010829952e+00
2.174000000000000151e-03 4.684868465484999689e+00
-5.509999999999999490e-04 4.247490107064169962e+00
3.370000000000000166e-03 3.791830801017499919e+00
-2.841000000000000209e-03 4.397270813716669835e+00
3.622999999999999918e-03 3.630449961232499856e+00
-5.093000000000000305e-03 3.649124527290830144e+00
1.279999999999999942e-04 4.315317867711669919e+00
2.358999999999999986e-03 4.350983571194169564e+00
