-2.258000000000000024e-03 2.654003626677500005e+00
-1.840999999999999972e-03 3.288397554711670168e+00
-5.800000000000000034e-05 2.466548709025830011e+00
9.879999999999999460e-04 2.626830755832500142e+00
2.174000000000000151e-03 3.097709143024999889e+00
-5.509999999999999490e-04 3.526920076280830152e+00
3.370000000000000166e-03 3.210439496352500033e+00
-2.841000000000000209e-03 3.448449969940829973e+00
3.622999999999999918e-03 2.887873083694170173e+00
-5.093000000000000305e-03 3.291367351920829964e+00
1.279999999999999942e-04 3.064782091047499879e+00
2.358999999999999986e-03 2.474262205700000106e+00
