-2.258000000000000024e-03 3.321491868097500078e+00
-1.840999999999999972e-03 3.100652486853329837e+00
-5.800000000000000034e-05 3.036585112575830081e+00
9.879999999999999460e-04 3.110932790737499953e+00
2.174000000000000151e-03 3.251443298889999944e+00
-5.509999999999999490e-04 3.806315235661669849e+00
3.370000000000000166e-03 3.646319843685000173e+00
-2.841000000000000209e-03 3.215854378122500190e+00
3.622999999999999918e-03 3.312606816262499976e+00
-5.093000000000000305e-03 3.291367351920829964e+00
1.279999999999999942e-04 3.184694893079170086e+00
2.358999999999999986e-03 3.333589427757500001e+00
