-4.380000000000000213e-03 2.568261339060830206e+00
2.246000000000000166e-03 2.704317027463329914e+00
5.240000000000000517e-04 2.504262895503329922e+00
7.525999999999999704e-03 2.626830755832500142e+00
-3.420000000000000188e-04 2.496194736433329897e+00
-3.857000000000000185e-03 2.425596231700830163e+00
5.302000000000000289e-03 2.408058425998329977e+00
-3.942000000000000191e-03 2.331366552131670211e+00
5.041000000000000342e-03 2.488969554470830126e+00
2.393999999999999861e-03 2.491314450758329802e+00
-6.471000000000000189e-03 2.286748006613330109e+00
-4.041000000000000321e-03 2.390826237524999787e+00
