-2.183000000000000045e-03 2.568261339060830206e+00
1.708000000000000100e-03 2.311288980515000091e+00
7.029999999999999574e-04 2.466548709025830011e+00
1.363000000000000062e-03 2.287867576024170013e+00
-2.308000000000000156e-03 2.910003366371670008e+00
3.550000000000000096e-04 2.480167664599170152e+00
-1.972999999999999927e-03 2.463280187130830079e+00
1.297999999999999892e-03 2.297986266580830161e+00
-1.307999999999999918e-03 2.768565300648750060e+00
6.030000000000000204e-04 2.718454609123329924e+00
-4.319999999999999838e-04 2.331366552131670211e+00
2.173000000000000018e-03 2.474262205700000106e+00
