1.559000000000000056e-03 3.695849826027500118e+00
-8.548999999999999308e-03 2.885840342499169875e+00
-2.439999999999999949e-04 3.422678836278330028e+00
6.394999999999999643e-03 3.110932790737499953e+00
-3.769000000000000215e-03 3.097709143024999889e+00
2.000000000000000042e-03 3.159909139493750185e+00
3.144000000000000093e-03 3.210439496352500033e+00
1.933000000000000039e-03 3.448449969940829973e+00
3.110000000000000243e-04 3.482246535817500099e+00
3.937999999999999660e-03 3.477675110559169891e+00
-1.458000000000000095e-03 3.184694893079170086e+00
-5.261000000000000051e-03 2.887873083694170173e+00
