1.606999999999999922e-03 3.015176532494169948e+00
5.701000000000000338e-03 2.808643797939999853e+00
1.276999999999999923e-03 2.910003366371670008e+00
-7.557000000000000349e-03 2.731528313290830123e+00
5.258999999999999786e-03 2.808643797939999853e+00
-9.020000000000000240e-04 3.159909139493750185e+00
-1.146900000000000003e-02 2.885840342499169875e+00
3.063999999999999883e-03 3.140546084757500189e+00
-5.226999999999999875e-03 2.811460543843330218e+00
-3.651999999999999864e-03 2.775401040593330038e+00
7.846999999999999809e-03 2.927169939560000156e+00
4.052000000000000046e-03 2.999914926195000220e+00
