-1.768000000000000040e-03 2.452747889534999892e+00
4.708000000000000379e-03 2.704317027463329914e+00
3.079000000000000140e-03 2.362728101793329927e+00
-2.739999999999999923e-04 2.423017778335830208e+00
-5.231999999999999672e-03 2.496194736433329897e+00
4.176000000000000024e-03 2.447809453425830117e+00
2.112000000000000162e-03 3.118169833826669901e+00
1.239000000000000084e-03 2.934541733082919990e+00
-5.908000000000000057e-03 2.689340842610420168e+00
-3.220000000000000206e-03 2.678153099920829838e+00
-2.439999999999999949e-04 2.301459009267500022e+00
1.332000000000000068e-03 2.808643797939999853e+00
