-5.573999999999999962e-03 3.321491868097500078e+00
-3.799999999999999992e-03 3.288397554711670168e+00
5.394999999999999622e-03 3.036585112575830081e+00
1.459999999999999981e-04 3.110932790737499953e+00
-3.370999999999999865e-03 2.711261192726670100e+00
-1.907999999999999974e-03 3.159909139493750185e+00
3.507999999999999834e-03 3.495623166204170129e+00
8.490000000000000368e-04 2.626259204186669916e+00
-4.250000000000000305e-03 3.312606816262499976e+00
1.704999999999999918e-03 3.649124527290830144e+00
8.229999999999999469e-04 3.064782091047499879e+00
6.475999999999999986e-03 3.069846176671669813e+00
