-4.135999999999999920e-03 3.585468473592499983e+00
5.133999999999999675e-03 3.288397554711670168e+00
3.278999999999999797e-03 3.173370239693329875e+00
-6.706000000000000155e-03 3.511233145875829909e+00
1.260999999999999968e-03 3.964814229963330217e+00
2.308999999999999855e-03 3.346187224156670137e+00
-8.600000000000000331e-05 3.495623166204170129e+00
-1.299999999999999920e-05 3.448449969940829973e+00
2.644000000000000083e-03 2.887873083694170173e+00
-4.791000000000000120e-03 3.291367351920829964e+00
-3.300000000000000253e-05 2.885840342499169875e+00
1.137999999999999906e-03 3.069846176671669813e+00
