3.787000000000000002e-03 2.452747889534999892e+00
5.516000000000000070e-03 3.001973113065830034e+00
2.272999999999999847e-03 2.883400558382500201e+00
-1.151100000000000040e-02 3.063190989340829784e+00
1.178999999999999927e-03 2.626259204186669916e+00
3.557999999999999965e-03 2.808643797939999853e+00
-7.820000000000000562e-03 2.961506094162499991e+00
3.932999999999999864e-03 2.297986266580830161e+00
3.988000000000000225e-03 2.469620678989170148e+00
-6.361999999999999600e-03 2.718454609123329924e+00
1.644000000000000062e-03 3.323327811357500217e+00
-1.849999999999999973e-04 3.136782875271669990e+00
