3.814000000000000116e-03 2.912275816651670013e+00
-6.999999999999999387e-05 3.198459249767500179e+00
-6.620000000000000016e-03 2.933572266770830161e+00
6.120000000000000223e-04 3.063190989340829784e+00
-2.970000000000000092e-04 2.626259204186669916e+00
-4.838000000000000286e-03 2.649287264275829834e+00
2.461000000000000080e-03 3.210439496352500033e+00
3.000000000000000076e-05 3.215854378122500190e+00
-3.761000000000000020e-03 2.631649450670829893e+00
4.617999999999999709e-03 2.607826392740829835e+00
2.645999999999999915e-03 3.184694893079170086e+00
1.405999999999999915e-03 2.887873083694170173e+00
