3.814000000000000116e-03 2.912275816651670013e+00
-6.999999999999999387e-05 3.001973113065830034e+00
-6.620000000000000016e-03 2.775401040593330038e+00
6.120000000000000223e-04 3.323327811357500217e+00
-2.970000000000000092e-04 3.016202241574169829e+00
-4.838000000000000286e-03 2.649287264275829834e+00
2.461000000000000080e-03 3.067902501211670074e+00
3.000000000000000076e-05 2.934541733082919990e+00
-3.761000000000000020e-03 3.110932790737499953e+00
4.617999999999999709e-03 3.477675110559169891e+00
2.645999999999999915e-03 2.885840342499169875e+00
1.405999999999999915e-03 2.689221729744169842e+00
