-6.884000000000000362e-03 2.568261339060830206e+00
7.799999999999999859e-05 2.697573116506669866e+00
3.583999999999999946e-03 2.466548709025830011e+00
-6.805000000000000285e-03 2.716931827197500038e+00
1.072999999999999952e-03 2.711261192726670100e+00
4.179000000000000423e-03 2.761840708034999814e+00
-5.919999999999999698e-04 2.362386496003329839e+00
3.204999999999999950e-03 2.654003626677500005e+00
1.394000000000000057e-03 2.429462958750829848e+00
-9.534000000000000807e-03 2.920692407705829829e+00
4.285999999999999879e-03 2.603649359371670080e+00
6.016999999999999779e-03 2.647921899189999984e+00
