-6.884000000000000362e-03 2.861578711234169958e+00
7.799999999999999859e-05 2.885840342499169875e+00
3.583999999999999946e-03 3.422678836278330028e+00
-6.805000000000000285e-03 3.644814572479170067e+00
1.072999999999999952e-03 3.712643095899999857e+00
4.179000000000000423e-03 2.649287264275829834e+00
-5.919999999999999698e-04 2.885840342499169875e+00
3.204999999999999950e-03 2.797186331386670055e+00
1.394000000000000057e-03 3.630449961232499856e+00
-9.534000000000000807e-03 2.878675966484169901e+00
4.285999999999999879e-03 2.678153099920829838e+00
6.016999999999999779e-03 3.477675110559169891e+00
