-6.884000000000000362e-03 2.363214412046669821e+00
7.799999999999999859e-05 2.827492536619169883e+00
3.583999999999999946e-03 2.709619024943330068e+00
-6.805000000000000285e-03 2.467626016108329878e+00
1.072999999999999952e-03 2.357709953982499940e+00
4.179000000000000423e-03 2.730196924509169953e+00
-5.919999999999999698e-04 2.556308896387499807e+00
3.204999999999999950e-03 2.346831842281670077e+00
1.394000000000000057e-03 2.805458122582499936e+00
-9.534000000000000807e-03 2.972576940943330026e+00
4.285999999999999879e-03 2.788383731072499927e+00
6.016999999999999779e-03 2.429781636614170015e+00
