3.651999999999999864e-03 2.654003626677500005e+00
4.048999999999999648e-03 3.288397554711670168e+00
-1.556000000000000091e-03 3.036585112575830081e+00
-4.213999999999999864e-03 3.110932790737499953e+00
5.959999999999999586e-04 2.910003366371670008e+00
1.894000000000000067e-03 3.346187224156670137e+00
2.592999999999999819e-03 2.673386568951670039e+00
-7.240000000000000342e-04 2.429781636614170015e+00
-1.753000000000000001e-03 3.110932790737499953e+00
-3.236000000000000161e-03 2.607826392740829835e+00
-1.753999999999999917e-03 3.064782091047499879e+00
4.530000000000000064e-04 3.069846176671669813e+00
