4.734999999999999626e-03 2.861578711234169958e+00
-1.679999999999999907e-04 2.885840342499169875e+00
-1.064999999999999974e-03 2.466548709025830011e+00
3.193000000000000092e-03 3.257677341010829952e+00
-2.994999999999999832e-03 2.848232117060829793e+00
1.252000000000000075e-03 2.808643797939999853e+00
7.820000000000000345e-04 3.301711489300000135e+00
-3.164999999999999845e-03 2.797186331386670055e+00
-1.701000000000000038e-03 2.308312228881669981e+00
-1.507000000000000093e-03 2.445643564935000125e+00
-1.003999999999999901e-03 2.331366552131670211e+00
1.642999999999999929e-03 2.969677835105830166e+00
