-6.653000000000000060e-03 3.093129878573329883e+00
1.445000000000000104e-03 2.633600530389999861e+00
4.298999999999999870e-03 3.100652486853329837e+00
-6.409999999999999899e-03 3.063190989340829784e+00
-9.060000000000000128e-04 2.848232117060829793e+00
5.427999999999999665e-03 3.069072470875830128e+00
-4.778000000000000129e-03 2.781334037115830160e+00
8.019999999999999785e-04 2.693615501634170073e+00
5.229000000000000141e-03 3.215854378122500190e+00
-1.227000000000000009e-03 3.188253416951670083e+00
4.961000000000000132e-03 2.788383731072499927e+00
-2.190999999999999805e-03 2.969677835105830166e+00
