2.977000000000000045e-03 3.695849826027500118e+00
-6.299999999999999990e-05 3.100652486853329837e+00
-9.370000000000000074e-04 3.036585112575830081e+00
3.693999999999999801e-03 3.110932790737499953e+00
3.170000000000000075e-04 3.097709143024999889e+00
-5.411000000000000011e-03 3.670384358495829780e+00
5.651999999999999906e-03 3.067902501211670074e+00
-2.818999999999999891e-03 2.797186331386670055e+00
-7.152999999999999636e-03 2.887873083694170173e+00
2.959999999999999958e-03 2.607826392740829835e+00
6.859999999999999779e-04 3.064782091047499879e+00
9.799999999999999684e-05 3.210370848814580125e+00
