2.977000000000000045e-03 3.585468473592499983e+00
-6.299999999999999990e-05 2.885840342499169875e+00
-9.370000000000000074e-04 3.759098109651669795e+00
3.693999999999999801e-03 3.644814572479170067e+00
3.170000000000000075e-04 3.097709143024999889e+00
-5.411000000000000011e-03 2.649287264275829834e+00
5.651999999999999906e-03 3.210439496352500033e+00
-2.818999999999999891e-03 3.802975839610000186e+00
-7.152999999999999636e-03 3.630449961232499856e+00
2.959999999999999958e-03 2.878675966484169901e+00
6.859999999999999779e-04 2.885840342499169875e+00
9.799999999999999684e-05 3.333589427757500001e+00
