2.977000000000000045e-03 3.169671990200829903e+00
-6.299999999999999990e-05 2.311288980515000091e+00
-9.370000000000000074e-04 2.466548709025830011e+00
3.693999999999999801e-03 2.696385052234170132e+00
3.170000000000000075e-04 3.097709143024999889e+00
-5.411000000000000011e-03 3.346187224156670137e+00
5.651999999999999906e-03 2.589181852388330096e+00
-2.818999999999999891e-03 2.885840342499169875e+00
-7.152999999999999636e-03 2.308312228881669981e+00
2.959999999999999958e-03 2.718454609123329924e+00
6.859999999999999779e-04 2.331366552131670211e+00
9.799999999999999684e-05 3.069846176671669813e+00
