2.977000000000000045e-03 3.169671990200829903e+00
-6.299999999999999990e-05 3.432888597416670073e+00
-9.370000000000000074e-04 3.513360760031670083e+00
3.693999999999999801e-03 2.423017778335830208e+00
3.170000000000000075e-04 2.496194736433329897e+00
-5.411000000000000011e-03 2.649287264275829834e+00
5.651999999999999906e-03 2.673386568951670039e+00
-2.818999999999999891e-03 3.091088901733329841e+00
-7.152999999999999636e-03 2.887873083694170173e+00
2.959999999999999958e-03 2.607826392740829835e+00
6.859999999999999779e-04 3.064782091047499879e+00
9.799999999999999684e-05 3.210370848814580125e+00
