2.977000000000000045e-03 2.654003626677500005e+00
-6.299999999999999990e-05 2.885840342499169875e+00
-9.370000000000000074e-04 2.883400558382500201e+00
3.693999999999999801e-03 2.626830755832500142e+00
3.170000000000000075e-04 2.910003366371670008e+00
-5.411000000000000011e-03 2.920692407705829829e+00
5.651999999999999906e-03 3.495623166204170129e+00
-2.818999999999999891e-03 2.232839864690829845e+00
-7.152999999999999636e-03 3.110932790737499953e+00
2.959999999999999958e-03 3.649124527290830144e+00
6.859999999999999779e-04 2.475586401600000208e+00
9.799999999999999684e-05 3.210370848814580125e+00
