1.251200000000000055e-02 2.892300137293330131e+00
-1.116999999999999937e-03 2.808643797939999853e+00
-2.661999999999999870e-03 2.961506094162499991e+00
4.789999999999999879e-04 2.874774386328330156e+00
-2.661999999999999870e-03 2.991204699891670149e+00
-5.428999999999999798e-03 2.920692407705829829e+00
6.424000000000000023e-03 2.463280187130830079e+00
-5.760000000000000363e-03 3.273621948034170170e+00
-8.562999999999999431e-03 2.974168984337500099e+00
3.510000000000000099e-03 2.678153099920829838e+00
6.229999999999999644e-04 2.764557671674999995e+00
2.645000000000000216e-03 2.887873083694170173e+00
