-7.889999999999999444e-03 2.654003626677500005e+00
1.701999999999999954e-03 3.100652486853329837e+00
6.858999999999999646e-03 3.604012066843329976e+00
-5.654000000000000171e-03 3.644814572479170067e+00
-6.470000000000000057e-04 3.617742732074999967e+00
2.835999999999999979e-03 2.920692407705829829e+00
-8.416999999999999135e-03 3.791830801017499919e+00
3.359999999999999814e-04 3.215854378122500190e+00
4.193999999999999811e-03 3.312606816262499976e+00
-1.307000000000000002e-03 3.477675110559169891e+00
6.543000000000000205e-03 3.531499054073329980e+00
1.446000000000000020e-03 3.795196248818749840e+00
