2.628999999999999827e-03 2.363214412046669821e+00
-1.049999999999999935e-03 2.792574898266670047e+00
-1.008000000000000042e-02 3.036585112575830081e+00
-2.181999999999999912e-03 2.654577780701670164e+00
1.039600000000000073e-02 2.848232117060829793e+00
-6.093000000000000325e-03 2.743387412900830213e+00
2.690000000000000117e-03 2.463280187130830079e+00
6.248000000000000081e-03 2.429781636614170015e+00
-1.722000000000000006e-03 2.469620678989170148e+00
-2.677999999999999825e-03 2.669900500290829815e+00
8.450000000000000479e-04 2.616816962354170162e+00
9.950000000000000077e-04 2.324573183525830089e+00
