2.628999999999999827e-03 2.861578711234169958e+00
-1.049999999999999935e-03 3.288397554711670168e+00
-1.008000000000000042e-02 3.036585112575830081e+00
-2.181999999999999912e-03 2.808643797939999853e+00
1.039600000000000073e-02 3.251443298889999944e+00
-6.093000000000000325e-03 2.649287264275829834e+00
2.690000000000000117e-03 2.673386568951670039e+00
6.248000000000000081e-03 2.934541733082919990e+00
-1.722000000000000006e-03 3.630449961232499856e+00
-2.677999999999999825e-03 3.091088901733329841e+00
8.450000000000000479e-04 2.885840342499169875e+00
9.950000000000000077e-04 3.069846176671669813e+00
