-1.013999999999999927e-03 2.602471109636669944e+00
1.294000000000000011e-03 2.447809453425830117e+00
-3.292999999999999920e-03 2.506568177727499958e+00
-3.625000000000000184e-03 2.741329402336670107e+00
4.285999999999999879e-03 2.884870359229999792e+00
7.020000000000000198e-03 2.462097975146670059e+00
1.211000000000000054e-03 2.553495507029170053e+00
-4.741000000000000422e-03 2.891104766734169829e+00
-4.739000000000000157e-03 2.728461493781670022e+00
-2.039999999999999984e-04 2.672548962748329870e+00
3.889000000000000096e-03 2.559988916058329789e+00
-8.399999999999999535e-05 2.766603118714169973e+00
