-5.682000000000000418e-03 3.321491868097500078e+00
-1.369999999999999907e-03 2.885840342499169875e+00
-1.624000000000000010e-03 2.883400558382500201e+00
-1.709999999999999932e-03 3.257677341010829952e+00
4.199999999999999740e-03 3.251443298889999944e+00
1.541999999999999968e-03 3.806315235661669849e+00
5.519999999999999733e-03 3.067902501211670074e+00
1.361000000000000014e-03 3.215854378122500190e+00
-6.740000000000000114e-04 2.631649450670829893e+00
-3.300000000000000253e-05 3.291367351920829964e+00
-5.721000000000000391e-03 3.064782091047499879e+00
4.190000000000000148e-03 3.069846176671669813e+00
