2.364000000000000216e-03 2.861578711234169958e+00
-5.174999999999999913e-03 3.288397554711670168e+00
-2.915000000000000056e-03 3.513360760031670083e+00
1.010699999999999966e-02 4.052894267909169734e+00
-9.516000000000000153e-03 3.506392218752500067e+00
1.525000000000000097e-03 3.526920076280830152e+00
9.931000000000000591e-03 3.791830801017499919e+00
-5.133000000000000410e-03 3.091088901733329841e+00
2.792999999999999910e-03 4.052894267909169734e+00
7.729999999999999892e-03 4.009164337077920415e+00
-2.652999999999999976e-03 3.645774654929999858e+00
-9.058000000000000079e-03 3.069846176671669813e+00
