-4.826000000000000428e-03 3.455872847469169784e+00
1.118599999999999976e-02 3.554459934575830093e+00
7.936999999999999611e-03 3.670384358495829780e+00
-1.404099999999999966e-02 3.383480405599999852e+00
1.076200000000000073e-02 3.807950787064999787e+00
3.471999999999999826e-03 3.159909139493750185e+00
-1.608100000000000154e-02 3.346187224156670137e+00
1.355699999999999961e-02 2.934541733082919990e+00
-2.393999999999999861e-03 3.630449961232499856e+00
-1.756699999999999928e-02 3.649124527290830144e+00
1.765999999999999992e-03 3.721864029499169835e+00
6.229000000000000162e-03 3.210370848814580125e+00
