-1.073799999999999928e-02 2.861578711234169958e+00
8.576000000000000290e-03 2.885840342499169875e+00
7.680000000000000195e-03 3.036585112575830081e+00
-4.373000000000000151e-03 3.383480405599999852e+00
2.014000000000000165e-03 3.380474998865000025e+00
3.965999999999999907e-03 3.346187224156670137e+00
-5.708999999999999665e-03 3.067902501211670074e+00
-2.344000000000000163e-03 2.934541733082919990e+00
2.383999999999999835e-03 3.482246535817500099e+00
-4.146000000000000379e-03 3.091088901733329841e+00
2.991000000000000169e-03 2.885840342499169875e+00
-2.999999999999999737e-04 3.592552239576670026e+00
