-2.040999999999999846e-03 3.169671990200829903e+00
1.749999999999999982e-04 2.885840342499169875e+00
-2.782999999999999884e-03 2.466548709025830011e+00
4.689999999999999725e-03 3.257677341010829952e+00
-1.557999999999999923e-03 3.506392218752500067e+00
9.200000000000000007e-05 3.670384358495829780e+00
3.193000000000000092e-03 3.210439496352500033e+00
1.015000000000000060e-03 3.448449969940829973e+00
3.458999999999999835e-03 3.312606816262499976e+00
5.640000000000000482e-04 3.091088901733329841e+00
-5.840999999999999838e-03 3.184694893079170086e+00
-9.640000000000000131e-04 3.333589427757500001e+00
