-5.486999999999999690e-03 3.321491868097500078e+00
3.285000000000000159e-03 3.001973113065830034e+00
4.800000000000000122e-05 3.036585112575830081e+00
8.319999999999999488e-04 2.952689113646670194e+00
-1.982999999999999954e-03 2.626259204186669916e+00
-4.534999999999999969e-03 2.808643797939999853e+00
-4.906999999999999904e-03 2.961506094162499991e+00
1.015000000000000060e-03 2.797186331386670055e+00
8.809999999999999472e-04 3.482246535817500099e+00
4.573999999999999941e-03 3.188253416951670083e+00
2.158999999999999895e-03 2.952351001563330080e+00
4.118000000000000133e-03 3.069846176671669813e+00
