-5.486999999999999690e-03 3.169671990200829903e+00
3.285000000000000159e-03 3.001973113065830034e+00
4.800000000000000122e-05 3.173370239693329875e+00
8.319999999999999488e-04 2.808643797939999853e+00
-1.982999999999999954e-03 2.626259204186669916e+00
-4.534999999999999969e-03 2.808643797939999853e+00
-4.906999999999999904e-03 3.133085635572499861e+00
1.015000000000000060e-03 3.215854378122500190e+00
8.809999999999999472e-04 2.887873083694170173e+00
4.573999999999999941e-03 3.188253416951670083e+00
2.158999999999999895e-03 2.788383731072499927e+00
4.118000000000000133e-03 2.887873083694170173e+00
