2.906999999999999862e-03 3.455872847469169784e+00
-7.021000000000000331e-03 3.432888597416670073e+00
-1.479000000000000063e-03 3.036585112575830081e+00
-5.181999999999999974e-03 2.952689113646670194e+00
6.288000000000000186e-03 3.097709143024999889e+00
-1.773000000000000053e-03 3.806315235661669849e+00
2.361999999999999950e-03 2.885840342499169875e+00
-6.539999999999999590e-04 2.934541733082919990e+00
-1.064000000000000059e-03 3.482246535817500099e+00
2.383999999999999835e-03 3.477675110559169891e+00
5.259999999999999919e-04 3.184694893079170086e+00
2.704999999999999939e-03 2.887873083694170173e+00
