4.413000000000000256e-03 2.912275816651670013e+00
-2.063000000000000164e-03 3.198459249767500179e+00
-3.700000000000000164e-03 2.933572266770830161e+00
-8.229999999999999469e-04 2.952689113646670194e+00
-1.294000000000000011e-03 2.910003366371670008e+00
1.348999999999999939e-03 2.649287264275829834e+00
7.489999999999999913e-04 3.346187224156670137e+00
-1.920000000000000049e-04 3.023647238655000180e+00
-3.072000000000000078e-03 3.312606816262499976e+00
3.752999999999999826e-03 3.091088901733329841e+00
2.086999999999999880e-03 3.263172902849170054e+00
-1.206000000000000041e-03 2.689221729744169842e+00
