4.413000000000000256e-03 3.649124527290830144e+00
-2.063000000000000164e-03 3.198459249767500179e+00
-3.700000000000000164e-03 3.477675110559169891e+00
-8.229999999999999469e-04 3.383480405599999852e+00
-1.294000000000000011e-03 3.506392218752500067e+00
1.348999999999999939e-03 2.920692407705829829e+00
7.489999999999999913e-04 3.346187224156670137e+00
-1.920000000000000049e-04 3.140546084757500189e+00
-3.072000000000000078e-03 3.312606816262499976e+00
3.752999999999999826e-03 3.291367351920829964e+00
2.086999999999999880e-03 3.263172902849170054e+00
-1.206000000000000041e-03 3.477675110559169891e+00
