-2.841999999999999908e-03 2.312266639981670036e+00
-2.951000000000000064e-03 2.885840342499169875e+00
-2.709000000000000036e-03 3.240785446584169893e+00
1.631000000000000071e-03 3.063190989340829784e+00
4.061000000000000373e-03 3.455872847469169784e+00
-5.730999999999999983e-03 2.808643797939999853e+00
8.890000000000000333e-04 3.301711489300000135e+00
1.108999999999999960e-03 3.215854378122500190e+00
3.550999999999999903e-03 2.887873083694170173e+00
-6.187999999999999924e-03 2.878675966484169901e+00
2.887999999999999942e-03 3.435653489584169940e+00
6.292999999999999983e-03 3.417872168182499948e+00
