-2.841999999999999908e-03 2.912275816651670013e+00
-2.951000000000000064e-03 3.288397554711670168e+00
-2.709000000000000036e-03 2.933572266770830161e+00
1.631000000000000071e-03 3.695849826027500118e+00
4.061000000000000373e-03 3.323327811357500217e+00
-5.730999999999999983e-03 3.069072470875830128e+00
8.890000000000000333e-04 3.133085635572499861e+00
1.108999999999999960e-03 3.448449969940829973e+00
3.550999999999999903e-03 2.887873083694170173e+00
-6.187999999999999924e-03 3.291367351920829964e+00
2.887999999999999942e-03 3.064782091047499879e+00
6.292999999999999983e-03 3.526920076280830152e+00
