-2.841999999999999908e-03 3.695849826027500118e+00
-2.951000000000000064e-03 3.288397554711670168e+00
-2.709000000000000036e-03 2.883400558382500201e+00
1.631000000000000071e-03 3.644814572479170067e+00
4.061000000000000373e-03 2.496194736433329897e+00
-5.730999999999999983e-03 3.526920076280830152e+00
8.890000000000000333e-04 3.210439496352500033e+00
1.108999999999999960e-03 3.531499054073329980e+00
3.550999999999999903e-03 3.630449961232499856e+00
-6.187999999999999924e-03 3.091088901733329841e+00
2.887999999999999942e-03 3.435653489584169940e+00
6.292999999999999983e-03 2.689221729744169842e+00
