-8.549999999999999658e-04 3.585468473592499983e+00
1.969999999999999963e-03 2.633600530389999861e+00
2.478999999999999867e-03 2.883400558382500201e+00
9.499999999999999981e-04 2.808643797939999853e+00
-6.220000000000000485e-04 3.251443298889999944e+00
7.540000000000000044e-04 2.649287264275829834e+00
-4.374000000000000284e-03 2.673386568951670039e+00
-1.301000000000000073e-03 2.934541733082919990e+00
-3.660000000000000059e-04 2.631649450670829893e+00
-5.412000000000000144e-03 2.878675966484169901e+00
3.001000000000000195e-03 3.184694893079170086e+00
3.775999999999999843e-03 3.069846176671669813e+00
