4.913999999999999965e-03 3.015176532494169948e+00
-6.279999999999999775e-04 2.765161098790000160e+00
2.916999999999999888e-03 2.775401040593330038e+00
1.812000000000000026e-03 3.063190989340829784e+00
-1.660999999999999933e-03 3.179103135220830101e+00
-4.070000000000000267e-04 2.920692407705829829e+00
-1.237000000000000035e-03 2.463280187130830079e+00
-1.492999999999999969e-03 3.140546084757500189e+00
2.300000000000000002e-05 2.768565300648750060e+00
-1.693000000000000060e-03 2.972576940943330026e+00
-2.880000000000000073e-04 3.184694893079170086e+00
-2.259000000000000157e-03 3.069846176671669813e+00
