2.586999999999999890e-03 2.568261339060830206e+00
-1.438000000000000042e-03 2.765161098790000160e+00
1.167000000000000069e-03 2.775401040593330038e+00
-1.507000000000000093e-03 2.952689113646670194e+00
6.074999999999999671e-03 2.357709953982499940e+00
-1.601999999999999908e-03 3.069072470875830128e+00
-2.580999999999999961e-03 3.067902501211670074e+00
8.080000000000000160e-04 2.626259204186669916e+00
-4.426000000000000247e-03 2.768565300648750060e+00
9.049999999999999885e-04 2.878675966484169901e+00
-1.376999999999999969e-03 2.885840342499169875e+00
1.389999999999999960e-03 2.232839864690829845e+00
