2.586999999999999890e-03 2.610902205648330199e+00
-1.438000000000000042e-03 2.447809453425830117e+00
1.167000000000000069e-03 2.388292510494169907e+00
-1.507000000000000093e-03 2.657284701937499882e+00
6.074999999999999671e-03 2.455146322794580005e+00
-1.601999999999999908e-03 2.459603289673330195e+00
-2.580999999999999961e-03 2.349224565062080217e+00
8.080000000000000160e-04 2.466279115052500082e+00
-4.426000000000000247e-03 2.529878843666669930e+00
9.049999999999999885e-04 2.468551962644169873e+00
-1.376999999999999969e-03 2.540200928505830014e+00
1.389999999999999960e-03 2.513361672389169854e+00
