-4.454999999999999759e-03 2.861578711234169958e+00
-4.789999999999999879e-04 2.633600530389999861e+00
4.699999999999999859e-04 2.466548709025830011e+00
-1.838999999999999923e-03 2.626830755832500142e+00
2.599999999999999881e-03 2.711261192726670100e+00
-3.005999999999999991e-03 2.920692407705829829e+00
6.662000000000000387e-03 2.463280187130830079e+00
2.258000000000000024e-03 2.232839864690829845e+00
6.160000000000000111e-04 2.631649450670829893e+00
2.390000000000000089e-04 2.607826392740829835e+00
-1.404000000000000083e-03 2.475586401600000208e+00
-1.662999999999999982e-03 2.887873083694170173e+00
