3.540999999999999877e-03 2.568261339060830206e+00
-5.995000000000000329e-03 2.497864669178329944e+00
-5.871000000000000350e-03 2.672968507864169840e+00
-4.394000000000000336e-03 2.346783439344170219e+00
1.693999999999999976e-03 2.645093309750000010e+00
-6.080000000000000335e-04 2.528375025735829951e+00
3.595999999999999804e-03 2.408058425998329977e+00
-2.010000000000000068e-04 2.356150360470000038e+00
2.407999999999999984e-03 2.308312228881669981e+00
3.687999999999999872e-03 2.765161098790000160e+00
1.490000000000000005e-03 2.301459009267500022e+00
6.520000000000000188e-04 2.533613390202920090e+00
