3.540999999999999877e-03 3.015176532494169948e+00
-5.995000000000000329e-03 2.474262205700000106e+00
-5.871000000000000350e-03 2.910003366371670008e+00
-4.394000000000000336e-03 2.507884720399169876e+00
1.693999999999999976e-03 3.150020798794169963e+00
-6.080000000000000335e-04 2.874774386328330156e+00
3.595999999999999804e-03 2.961506094162499991e+00
-2.010000000000000068e-04 3.140546084757500189e+00
2.407999999999999984e-03 3.052105581597500006e+00
3.687999999999999872e-03 2.972576940943330026e+00
1.490000000000000005e-03 3.100652486853329837e+00
6.520000000000000188e-04 2.935205808074170086e+00
