-2.668999999999999932e-03 3.585468473592499983e+00
-1.750999999999999952e-03 4.303555233715830042e+00
-6.689999999999999983e-04 4.307855329759999741e+00
-6.271999999999999797e-03 2.952689113646670194e+00
-7.190000000000000210e-04 4.350983571194169564e+00
-4.569999999999999952e-04 4.545772621401670044e+00
3.510999999999999798e-03 3.346187224156670137e+00
4.428999999999999777e-03 4.473194276009169634e+00
-1.224000000000000045e-03 4.377407029340830036e+00
4.520999999999999845e-03 2.878675966484169901e+00
1.325999999999999922e-03 4.426810615105829960e+00
-2.599999999999999840e-05 4.292771147901669693e+00
