-2.668999999999999932e-03 3.585468473592499983e+00
-1.750999999999999952e-03 4.041601257555829996e+00
-6.689999999999999983e-04 4.307855329759999741e+00
-6.271999999999999797e-03 3.511233145875829909e+00
-7.190000000000000210e-04 4.121334496624579735e+00
-4.569999999999999952e-04 4.582505486969170150e+00
3.510999999999999798e-03 3.791830801017499919e+00
4.428999999999999777e-03 4.307855329759999741e+00
-1.224000000000000045e-03 4.475995920743329748e+00
4.520999999999999845e-03 3.649124527290830144e+00
1.325999999999999922e-03 4.352882823775000354e+00
-2.599999999999999840e-05 4.231106808075000281e+00
