-1.222999999999999912e-03 2.654003626677500005e+00
-3.402000000000000076e-03 2.311288980515000091e+00
3.625000000000000184e-03 2.232839864690829845e+00
3.514000000000000196e-03 3.511233145875829909e+00
-5.130000000000000011e-04 2.910003366371670008e+00
-1.719999999999999958e-03 2.920692407705829829e+00
5.101999999999999764e-03 3.495623166204170129e+00
-3.930000000000000333e-03 2.797186331386670055e+00
3.435999999999999818e-03 2.887873083694170173e+00
1.631999999999999987e-03 2.607826392740829835e+00
-2.978999999999999877e-03 3.323327811357500217e+00
-3.542000000000000010e-03 3.333589427757500001e+00
