-1.222999999999999912e-03 2.704317027463329914e+00
-3.402000000000000076e-03 2.430726634215830018e+00
3.625000000000000184e-03 2.744563651770000057e+00
3.514000000000000196e-03 2.317647794300830011e+00
-5.130000000000000011e-04 2.711261192726670100e+00
-1.719999999999999958e-03 2.317647794300830011e+00
5.101999999999999764e-03 2.463280187130830079e+00
-3.930000000000000333e-03 3.091088901733329841e+00
3.435999999999999818e-03 2.308312228881669981e+00
1.631999999999999987e-03 2.380319232107499960e+00
-2.978999999999999877e-03 2.301459009267500022e+00
-3.542000000000000010e-03 2.474262205700000106e+00
