1.193299999999999916e-02 2.324573183525830089e+00
8.760000000000000425e-04 2.765161098790000160e+00
-2.624000000000000030e-03 3.036585112575830081e+00
3.644999999999999803e-03 2.287867576024170013e+00
5.509999999999999490e-04 2.439146018250830217e+00
-6.250999999999999612e-03 3.272719868867500104e+00
8.503000000000000141e-03 2.609277411294169902e+00
-4.943000000000000345e-03 2.474262205700000106e+00
-5.821999999999999918e-03 2.631649450670829893e+00
9.349999999999999587e-04 2.607826392740829835e+00
-2.370000000000000145e-03 2.632215619060000122e+00
-4.432000000000000176e-03 2.647921899189999984e+00
