1.193299999999999916e-02 2.324573183525830089e+00
8.760000000000000425e-04 2.474262205700000106e+00
-2.624000000000000030e-03 2.672968507864169840e+00
3.644999999999999803e-03 2.287867576024170013e+00
5.509999999999999490e-04 2.439146018250830217e+00
-6.250999999999999612e-03 2.808643797939999853e+00
8.503000000000000141e-03 2.633600530389999861e+00
-4.943000000000000345e-03 2.474262205700000106e+00
-5.821999999999999918e-03 2.308312228881669981e+00
9.349999999999999587e-04 2.607826392740829835e+00
-2.370000000000000145e-03 2.423662764087500143e+00
-4.432000000000000176e-03 2.429781636614170015e+00
