1.193299999999999916e-02 2.251544060920830148e+00
8.760000000000000425e-04 2.474262205700000106e+00
-2.624000000000000030e-03 2.883400558382500201e+00
3.644999999999999803e-03 2.287867576024170013e+00
5.509999999999999490e-04 2.660084370077500093e+00
-6.250999999999999612e-03 2.480167664599170152e+00
8.503000000000000141e-03 2.346783439344170219e+00
-4.943000000000000345e-03 2.474262205700000106e+00
-5.821999999999999918e-03 2.768565300648750060e+00
9.349999999999999587e-04 2.607826392740829835e+00
-2.370000000000000145e-03 2.423662764087500143e+00
-4.432000000000000176e-03 2.285905548272499921e+00
