-2.808999999999999865e-03 4.171942512845830286e+00
7.530000000000000235e-03 3.554459934575830093e+00
-2.739000000000000115e-03 3.310803478648329801e+00
-3.961000000000000111e-03 3.383480405599999852e+00
-2.699999999999999899e-05 3.506392218752500067e+00
3.530000000000000152e-03 3.346187224156670137e+00
-2.217999999999999920e-03 4.329717412763329776e+00
-2.207999999999999893e-03 3.726146698654170031e+00
8.199999999999999824e-04 3.110932790737499953e+00
1.007000000000000083e-03 4.519602254879170111e+00
3.611000000000000060e-03 4.007227840135420216e+00
-2.534999999999999927e-03 3.795196248818749840e+00
