-2.808999999999999865e-03 2.861578711234169958e+00
7.530000000000000235e-03 3.432888597416670073e+00
-2.739000000000000115e-03 3.422678836278330028e+00
-3.961000000000000111e-03 3.257677341010829952e+00
-2.699999999999999899e-05 3.251443298889999944e+00
3.530000000000000152e-03 2.649287264275829834e+00
-2.217999999999999920e-03 3.646319843685000173e+00
-2.207999999999999893e-03 3.531499054073329980e+00
8.199999999999999824e-04 3.630449961232499856e+00
1.007000000000000083e-03 2.878675966484169901e+00
3.611000000000000060e-03 3.323327811357500217e+00
-2.534999999999999927e-03 3.069846176671669813e+00
