-3.799999999999999992e-03 2.452747889534999892e+00
-2.589000000000000155e-03 3.100652486853329837e+00
-5.270000000000000162e-04 2.883400558382500201e+00
-5.457000000000000045e-03 2.808643797939999853e+00
4.585999999999999799e-03 2.496194736433329897e+00
2.620000000000000258e-04 2.649287264275829834e+00
-1.044999999999999922e-03 2.463280187130830079e+00
1.500000000000000031e-03 2.429781636614170015e+00
-1.067999999999999939e-03 3.110932790737499953e+00
5.205999999999999690e-03 2.878675966484169901e+00
3.027999999999999876e-03 3.064782091047499879e+00
-9.600000000000000243e-05 2.689221729744169842e+00
