-3.799999999999999992e-03 2.654003626677500005e+00
-2.589000000000000155e-03 2.633600530389999861e+00
-5.270000000000000162e-04 2.466548709025830011e+00
-5.457000000000000045e-03 2.626830755832500142e+00
4.585999999999999799e-03 2.711261192726670100e+00
2.620000000000000258e-04 2.649287264275829834e+00
-1.044999999999999922e-03 2.885840342499169875e+00
1.500000000000000031e-03 2.797186331386670055e+00
-1.067999999999999939e-03 2.631649450670829893e+00
5.205999999999999690e-03 2.878675966484169901e+00
3.027999999999999876e-03 2.885840342499169875e+00
-9.600000000000000243e-05 3.069846176671669813e+00
