5.739000000000000178e-03 3.169671990200829903e+00
-3.063999999999999883e-03 2.885840342499169875e+00
-3.710000000000000190e-04 2.672968507864169840e+00
4.799999999999999580e-03 2.626830755832500142e+00
-2.756000000000000203e-03 2.711261192726670100e+00
-1.991999999999999847e-03 2.920692407705829829e+00
-2.809999999999999998e-04 3.067902501211670074e+00
-3.344000000000000184e-03 2.797186331386670055e+00
-3.018999999999999982e-03 2.887873083694170173e+00
3.697999999999999898e-03 3.291367351920829964e+00
-8.369999999999999619e-04 2.885840342499169875e+00
1.425000000000000051e-03 3.069846176671669813e+00
