2.431000000000000001e-03 2.912275816651670013e+00
-7.433999999999999636e-03 2.765161098790000160e+00
-1.448999999999999984e-03 2.933572266770830161e+00
1.002300000000000066e-02 3.063190989340829784e+00
-5.961000000000000153e-03 2.626259204186669916e+00
-2.546000000000000086e-03 3.069072470875830128e+00
6.490000000000000109e-03 2.781334037115830160e+00
-3.180999999999999800e-03 2.693615501634170073e+00
-9.979999999999999722e-04 3.482246535817500099e+00
9.608000000000000221e-03 2.878675966484169901e+00
-7.261000000000000093e-03 2.788383731072499927e+00
2.790000000000000054e-04 2.969677835105830166e+00
