3.359999999999999814e-04 2.614782046516670011e+00
1.172000000000000082e-03 2.447809453425830117e+00
8.560999999999999166e-03 2.423017778335830208e+00
-4.078000000000000028e-03 2.320471667837499918e+00
3.833000000000000036e-03 2.435581970369169902e+00
-1.679999999999999907e-04 2.589181852388330096e+00
-4.638999999999999894e-03 2.711439997860829898e+00
2.748000000000000009e-03 2.331366552131670211e+00
-2.958999999999999825e-03 2.380654710124169959e+00
-2.126999999999999984e-03 2.512724427256670001e+00
3.640000000000000115e-04 2.538863866220829824e+00
-3.043000000000000132e-03 2.524652140390000188e+00
