4.125000000000000194e-03 2.232839864690829845e+00
-6.555000000000000063e-03 3.100652486853329837e+00
2.863000000000000093e-03 2.883400558382500201e+00
1.962999999999999901e-03 2.626830755832500142e+00
7.709999999999999840e-04 2.910003366371670008e+00
-2.585000000000000058e-03 3.346187224156670137e+00
2.609000000000000208e-03 2.673386568951670039e+00
2.187999999999999841e-03 2.626259204186669916e+00
-6.995999999999999615e-03 3.312606816262499976e+00
4.791000000000000120e-03 2.878675966484169901e+00
-7.105000000000000204e-03 3.064782091047499879e+00
3.930000000000000333e-03 2.887873083694170173e+00
