-5.413599999999999662e-02 3.585468473592499983e+00
3.633999999999999730e-02 4.142824957265830221e+00
3.744200000000000306e-02 3.880491689511670117e+00
-6.052400000000000141e-02 3.895020552933329938e+00
3.051099999999999993e-02 4.052894267909169734e+00
2.921699999999999992e-02 3.806315235661669849e+00
-6.340999999999999415e-02 4.120457393643330413e+00
2.659999999999999865e-02 4.222085250333329931e+00
2.307999999999999982e-02 4.052894267909169734e+00
-5.830199999999999966e-02 3.477675110559169891e+00
3.007999999999999910e-02 3.645774654929999858e+00
2.310100000000000001e-02 4.350983571194169564e+00
