-5.413599999999999662e-02 3.364322856484169844e+00
3.633999999999999730e-02 3.052105581597500006e+00
3.744200000000000306e-02 3.092113727270830115e+00
-6.052400000000000141e-02 3.028416978842499940e+00
3.051099999999999993e-02 2.910003366371670008e+00
2.921699999999999992e-02 3.038116324811670044e+00
-6.340999999999999415e-02 3.438306939425419984e+00
2.659999999999999865e-02 3.489118820849169911e+00
2.307999999999999982e-02 3.381372556722499922e+00
-5.830199999999999966e-02 2.934857571999169856e+00
3.007999999999999910e-02 3.130727544512499794e+00
2.310100000000000001e-02 3.302079275497499911e+00
