-1.472999999999999917e-03 3.695849826027500118e+00
3.847999999999999858e-03 3.554459934575830093e+00
-2.664000000000000135e-03 3.604012066843329976e+00
-4.531999999999999570e-03 3.895020552933329938e+00
-1.170000000000000033e-03 3.506392218752500067e+00
1.441999999999999922e-03 2.920692407705829829e+00
-7.820000000000000345e-04 4.120457393643330413e+00
-3.333000000000000025e-03 3.531499054073329980e+00
6.087000000000000396e-03 3.482246535817500099e+00
2.713999999999999833e-03 2.607826392740829835e+00
9.600000000000000243e-04 3.323327811357500217e+00
-1.098000000000000018e-03 4.146671156422920390e+00
