-1.472999999999999917e-03 4.352882823775000354e+00
3.847999999999999858e-03 3.100652486853329837e+00
-2.664000000000000135e-03 3.670384358495829780e+00
-4.531999999999999570e-03 3.644814572479170067e+00
-1.170000000000000033e-03 3.380474998865000025e+00
1.441999999999999922e-03 2.317647794300830011e+00
-7.820000000000000345e-04 3.495623166204170129e+00
-3.333000000000000025e-03 3.215854378122500190e+00
6.087000000000000396e-03 3.312606816262499976e+00
2.713999999999999833e-03 3.477675110559169891e+00
9.600000000000000243e-04 3.435653489584169940e+00
-1.098000000000000018e-03 2.232839864690829845e+00
