4.600000000000000004e-05 2.861578711234169958e+00
2.420000000000000005e-04 2.765161098790000160e+00
1.667000000000000079e-03 2.775401040593330038e+00
-1.435999999999999993e-03 2.885840342499169875e+00
-6.238999999999999754e-03 2.910003366371670008e+00
2.168999999999999921e-03 2.808643797939999853e+00
-1.103999999999999947e-03 3.346187224156670137e+00
-1.832999999999999994e-03 2.626259204186669916e+00
-4.827999999999999826e-03 2.469620678989170148e+00
2.413999999999999913e-03 2.718454609123329924e+00
7.503000000000000121e-03 2.475586401600000208e+00
1.397999999999999937e-03 3.069846176671669813e+00
