4.600000000000000004e-05 3.015176532494169948e+00
2.420000000000000005e-04 3.554459934575830093e+00
1.667000000000000079e-03 4.095019198000829697e+00
-1.435999999999999993e-03 3.776588480504170064e+00
-6.238999999999999754e-03 3.895020552933329938e+00
2.168999999999999921e-03 3.526920076280830152e+00
-1.103999999999999947e-03 3.346187224156670137e+00
-1.832999999999999994e-03 2.626259204186669916e+00
-4.827999999999999826e-03 3.312606816262499976e+00
2.413999999999999913e-03 3.091088901733329841e+00
7.503000000000000121e-03 4.100217209804170260e+00
1.397999999999999937e-03 3.795196248818749840e+00
