-5.178999999999999576e-03 2.654003626677500005e+00
4.651999999999999885e-03 2.885840342499169875e+00
-6.939999999999999555e-04 3.173370239693329875e+00
5.270000000000000162e-04 2.626830755832500142e+00
-4.545999999999999694e-03 3.097709143024999889e+00
3.252999999999999815e-03 2.920692407705829829e+00
5.850000000000000165e-03 3.210439496352500033e+00
-4.198000000000000342e-03 3.091088901733329841e+00
-1.773999999999999969e-03 3.909846210603329819e+00
-1.026999999999999918e-03 3.291367351920829964e+00
2.602000000000000146e-03 3.184694893079170086e+00
5.349999999999999938e-04 3.333589427757500001e+00
