4.775999999999999863e-03 2.600722406201669834e+00
-3.014999999999999885e-03 2.704317027463329914e+00
2.808999999999999865e-03 2.709619024943330068e+00
7.079000000000000223e-03 2.478610440216669986e+00
-4.671999999999999938e-03 2.318019638991669851e+00
5.150000000000000498e-04 2.572588807304999836e+00
2.756999999999999902e-03 2.673386568951670039e+00
-1.716000000000000077e-03 2.512724427256670001e+00
-5.310999999999999749e-03 2.469620678989170148e+00
-2.846000000000000005e-03 2.678153099920829838e+00
3.431000000000000022e-03 2.363214412046669821e+00
-3.808000000000000187e-03 2.474262205700000106e+00
