-1.146000000000000100e-03 4.352882823775000354e+00
-4.589000000000000197e-03 3.100652486853329837e+00
2.543999999999999821e-03 3.513360760031670083e+00
6.930000000000000396e-04 3.110932790737499953e+00
3.722000000000000048e-03 3.617742732074999967e+00
1.309000000000000051e-03 3.159909139493750185e+00
-1.551999999999999994e-03 4.120457393643330413e+00
-6.519999999999999754e-03 3.333589427757500001e+00
-1.789000000000000009e-03 2.887873083694170173e+00
1.033999999999999980e-03 4.009164337077920415e+00
9.020000000000000240e-04 3.323327811357500217e+00
5.389999999999999826e-03 3.210370848814580125e+00
