-1.825000000000000016e-03 2.452747889534999892e+00
2.749000000000000141e-03 2.474262205700000106e+00
-3.759999999999999779e-04 2.724967182811670163e+00
-4.749999999999999990e-04 2.287867576024170013e+00
6.759999999999999516e-04 2.649287264275829834e+00
1.407999999999999963e-03 2.549201570745830203e+00
-1.085999999999999943e-03 2.362386496003329839e+00
-1.413999999999999892e-03 2.321779771429170136e+00
-3.046999999999999795e-03 2.689340842610420168e+00
-4.110000000000000155e-04 2.475586401600000208e+00
1.997000000000000077e-03 2.745468116239170087e+00
1.804000000000000048e-03 2.565269012828330197e+00
