-1.607899999999999954e-02 2.753895383479170178e+00
6.380000000000000254e-03 2.765161098790000160e+00
1.399999999999999877e-04 3.036585112575830081e+00
-3.282000000000000195e-03 2.626830755832500142e+00
2.619999999999999933e-03 2.626259204186669916e+00
-6.009999999999999717e-04 2.317647794300830011e+00
-1.540000000000000028e-04 2.463280187130830079e+00
-2.197000000000000168e-03 2.797186331386670055e+00
4.281000000000000083e-03 2.768565300648750060e+00
5.226999999999999875e-03 3.188253416951670083e+00
6.040000000000000447e-04 2.788383731072499927e+00
3.063999999999999883e-03 2.969677835105830166e+00
