-1.607899999999999954e-02 3.321491868097500078e+00
6.380000000000000254e-03 3.666104361145829937e+00
1.399999999999999877e-04 3.670384358495829780e+00
-3.282000000000000195e-03 3.110932790737499953e+00
2.619999999999999933e-03 4.052894267909169734e+00
-6.009999999999999717e-04 3.346187224156670137e+00
-1.540000000000000028e-04 3.067902501211670074e+00
-2.197000000000000168e-03 3.531499054073329980e+00
4.281000000000000083e-03 3.776588480504170064e+00
5.226999999999999875e-03 4.009164337077920415e+00
6.040000000000000447e-04 3.323327811357500217e+00
3.063999999999999883e-03 3.477675110559169891e+00
