-7.180999999999999883e-03 3.258612721101670218e+00
2.033000000000000085e-03 2.952351001563330080e+00
-1.359999999999999989e-04 2.744563651770000057e+00
-4.261000000000000031e-03 2.904290878242500096e+00
6.359999999999999551e-04 2.589181852388330096e+00
4.592999999999999861e-03 3.244326992354999994e+00
-6.432000000000000217e-03 3.284590810235830105e+00
4.349999999999999700e-03 3.488427045650829950e+00
-4.290000000000000193e-04 2.887873083694170173e+00
-6.058000000000000017e-03 3.020744462050830137e+00
4.381999999999999611e-03 3.097496116329169880e+00
8.501999999999999141e-03 2.858273230285830024e+00
