-7.180999999999999883e-03 2.568261339060830206e+00
2.033000000000000085e-03 2.633600530389999861e+00
-1.359999999999999989e-04 3.036585112575830081e+00
-4.261000000000000031e-03 3.110932790737499953e+00
6.359999999999999551e-04 2.711261192726670100e+00
4.592999999999999861e-03 2.649287264275829834e+00
-6.432000000000000217e-03 2.673386568951670039e+00
4.349999999999999700e-03 2.693615501634170073e+00
-4.290000000000000193e-04 2.768565300648750060e+00
-6.058000000000000017e-03 2.607826392740829835e+00
4.381999999999999611e-03 2.678153099920829838e+00
8.501999999999999141e-03 2.808643797939999853e+00
