-7.180999999999999883e-03 3.585468473592499983e+00
2.033000000000000085e-03 2.885840342499169875e+00
-1.359999999999999989e-04 3.513360760031670083e+00
-4.261000000000000031e-03 2.952689113646670194e+00
6.359999999999999551e-04 3.506392218752500067e+00
4.592999999999999861e-03 3.670384358495829780e+00
-6.432000000000000217e-03 3.791830801017499919e+00
4.349999999999999700e-03 3.726146698654170031e+00
-4.290000000000000193e-04 2.887873083694170173e+00
-6.058000000000000017e-03 3.477675110559169891e+00
4.381999999999999611e-03 2.885840342499169875e+00
8.501999999999999141e-03 3.477675110559169891e+00
