-7.180999999999999883e-03 3.107783846290829821e+00
2.033000000000000085e-03 3.618757144589999974e+00
-1.359999999999999989e-04 2.672968507864169840e+00
-4.261000000000000031e-03 3.068878261002499830e+00
6.359999999999999551e-04 2.589181852388330096e+00
4.592999999999999861e-03 3.608065699039999963e+00
-6.432000000000000217e-03 3.284590810235830105e+00
4.349999999999999700e-03 3.377894597340830085e+00
-4.290000000000000193e-04 2.811460543843330218e+00
-6.058000000000000017e-03 3.376394497626669988e+00
4.381999999999999611e-03 3.097496116329169880e+00
8.501999999999999141e-03 2.858273230285830024e+00
