-7.180999999999999883e-03 2.753895383479170178e+00
2.033000000000000085e-03 2.885840342499169875e+00
-1.359999999999999989e-04 3.173370239693329875e+00
-4.261000000000000031e-03 3.257677341010829952e+00
6.359999999999999551e-04 2.711261192726670100e+00
4.592999999999999861e-03 2.649287264275829834e+00
-6.432000000000000217e-03 2.673386568951670039e+00
4.349999999999999700e-03 2.693615501634170073e+00
-4.290000000000000193e-04 3.215854378122500190e+00
-6.058000000000000017e-03 2.607826392740829835e+00
4.381999999999999611e-03 2.678153099920829838e+00
8.501999999999999141e-03 2.808643797939999853e+00
