-2.625000000000000163e-03 2.568261339060830206e+00
6.830000000000000134e-04 2.955152423942500217e+00
1.804999999999999964e-03 2.961506094162499991e+00
-1.935000000000000088e-03 3.071758916560829888e+00
-1.962999999999999901e-03 2.788383731072499927e+00
1.023999999999999954e-03 3.027786021754999890e+00
-4.148999999999999910e-03 2.885840342499169875e+00
7.734000000000000423e-03 2.726517886825829962e+00
1.869999999999999917e-03 2.974168984337500099e+00
-4.623000000000000373e-03 2.788383731072499927e+00
8.090000000000000403e-04 2.788383731072499927e+00
1.368000000000000075e-03 2.689221729744169842e+00
