-9.690000000000000262e-04 3.321491868097500078e+00
1.513000000000000022e-03 2.311288980515000091e+00
-2.073000000000000190e-03 2.883400558382500201e+00
-3.680000000000000003e-04 2.952689113646670194e+00
-1.420000000000000092e-04 3.506392218752500067e+00
-2.373000000000000109e-03 2.920692407705829829e+00
1.247000000000000062e-03 3.210439496352500033e+00
5.242000000000000132e-03 3.091088901733329841e+00
-1.840000000000000056e-03 3.776588480504170064e+00
-1.296999999999999976e-03 3.091088901733329841e+00
-3.867000000000000211e-03 3.184694893079170086e+00
4.926999999999999956e-03 3.592552239576670026e+00
