-8.441000000000000586e-03 3.585468473592499983e+00
5.764000000000000026e-03 3.666104361145829937e+00
-3.829999999999999854e-04 3.812336454999170066e+00
-1.122699999999999913e-02 4.238871912685829635e+00
6.470000000000000057e-03 3.380474998865000025e+00
3.556000000000000133e-03 4.146414329528330001e+00
8.909999999999999734e-04 3.791830801017499919e+00
-1.482999999999999943e-03 3.726146698654170031e+00
8.078000000000000111e-03 3.909846210603329819e+00
-1.391099999999999975e-02 3.807950787064999787e+00
6.121999999999999838e-03 3.435653489584169940e+00
4.563000000000000216e-03 4.146671156422920390e+00
