-1.403500000000000060e-02 2.654003626677500005e+00
4.824000000000000163e-03 2.885840342499169875e+00
2.046000000000000076e-03 2.883400558382500201e+00
-3.870999999999999875e-03 2.626830755832500142e+00
5.812999999999999591e-03 3.097709143024999889e+00
4.649000000000000354e-03 2.649287264275829834e+00
-6.282000000000000257e-03 3.067902501211670074e+00
7.158000000000000300e-03 3.333589427757500001e+00
2.690999999999999816e-03 3.482246535817500099e+00
-3.739999999999999835e-03 3.091088901733329841e+00
2.658000000000000206e-03 3.323327811357500217e+00
-1.912000000000000071e-03 2.689221729744169842e+00
