-2.969999999999999984e-03 2.603649359371670080e+00
2.807000000000000033e-03 3.432888597416670073e+00
-3.209000000000000047e-03 3.513360760031670083e+00
3.805999999999999921e-03 2.589181852388330096e+00
-1.438999999999999958e-03 3.380474998865000025e+00
-3.495999999999999976e-03 2.761840708034999814e+00
1.477000000000000014e-03 2.615355698615000168e+00
2.406000000000000152e-03 3.649124527290830144e+00
-7.759999999999999971e-04 3.110932790737499953e+00
2.428000000000000037e-03 3.207663253976670070e+00
3.896000000000000157e-03 3.485457527015829893e+00
-4.931999999999999752e-03 3.069846176671669813e+00
