-9.629999999999999888e-04 3.233430677506670126e+00
3.919999999999999873e-03 3.100652486853329837e+00
1.317999999999999944e-03 3.355650757164999831e+00
2.186000000000000009e-03 3.321584738298330119e+00
2.396999999999999825e-03 3.325169568380000218e+00
-6.623000000000000415e-03 2.920692407705829829e+00
8.250999999999999654e-03 2.463280187130830079e+00
-2.860999999999999828e-03 2.934541733082919990e+00
-1.051000000000000068e-03 2.887873083694170173e+00
-3.844000000000000195e-03 3.013554336649169940e+00
3.021999999999999947e-03 2.826493615375829993e+00
-5.753000000000000301e-03 2.887873083694170173e+00
