-9.629999999999999888e-04 2.615355698615000168e+00
3.919999999999999873e-03 3.198459249767500179e+00
1.317999999999999944e-03 3.257677341010829952e+00
2.186000000000000009e-03 2.903247350754170064e+00
2.396999999999999825e-03 3.314537295733329891e+00
-6.623000000000000415e-03 2.920692407705829829e+00
8.250999999999999654e-03 2.781334037115830160e+00
-2.860999999999999828e-03 2.885840342499169875e+00
-1.051000000000000068e-03 2.887873083694170173e+00
-3.844000000000000195e-03 2.775401040593330038e+00
3.021999999999999947e-03 2.920692407705829829e+00
-5.753000000000000301e-03 2.887873083694170173e+00
