-5.349999999999999938e-04 3.649124527290830144e+00
-3.382000000000000024e-03 4.422234277643330103e+00
2.020000000000000040e-04 4.315317867711669919e+00
1.062999999999999926e-03 3.895020552933329938e+00
8.660000000000000163e-04 4.174606631870830142e+00
2.975999999999999913e-03 4.247490107064169962e+00
-3.942000000000000191e-03 3.791830801017499919e+00
5.283000000000000369e-03 4.292921012097499656e+00
3.422999999999999828e-03 4.801693648386669899e+00
-2.090999999999999977e-03 3.552087894121669809e+00
1.843000000000000020e-03 4.346149633668329848e+00
-5.707000000000000267e-03 4.657229836245829979e+00
