-9.306000000000000036e-03 2.861578711234169958e+00
5.061000000000000394e-03 4.041601257555829996e+00
3.370000000000000057e-04 3.604012066843329976e+00
-3.629999999999999872e-04 4.238871912685829635e+00
-2.367999999999999879e-03 3.380474998865000025e+00
3.276999999999999965e-03 3.526920076280830152e+00
3.011999999999999920e-03 3.791830801017499919e+00
3.262000000000000142e-03 3.333589427757500001e+00
-1.680999999999999986e-03 3.909846210603329819e+00
5.980000000000000072e-04 4.519602254879170111e+00
-2.301999999999999793e-03 3.943616677120830083e+00
4.739999999999999747e-04 3.592552239576670026e+00
