-2.033999999999999784e-03 3.015176532494169948e+00
1.448999999999999984e-03 2.885840342499169875e+00
2.469999999999999973e-03 2.672968507864169840e+00
-6.170000000000000137e-03 3.383480405599999852e+00
2.889999999999999774e-04 3.617742732074999967e+00
-1.317999999999999944e-03 2.920692407705829829e+00
-1.154000000000000078e-03 2.885840342499169875e+00
9.690000000000000262e-04 3.091088901733329841e+00
-5.550000000000000462e-04 3.630449961232499856e+00
2.638999999999999853e-03 3.477675110559169891e+00
8.729999999999999696e-04 3.531499054073329980e+00
2.541999999999999989e-03 3.333589427757500001e+00
