2.735000000000000018e-03 2.912275816651670013e+00
4.426000000000000247e-03 3.100652486853329837e+00
-2.406999999999999851e-03 3.477675110559169891e+00
2.889000000000000075e-03 3.110932790737499953e+00
-5.339999999999999695e-04 3.016202241574169829e+00
-6.070000000000000092e-04 3.759098109651669795e+00
1.008999999999999914e-03 3.210439496352500033e+00
-6.364999999999999998e-03 3.023647238655000180e+00
-2.694999999999999913e-03 3.110932790737499953e+00
3.259999999999999877e-03 2.718454609123329924e+00
-4.488999999999999935e-03 3.263172902849170054e+00
2.778999999999999786e-03 2.689221729744169842e+00
