1.810999999999999893e-03 2.654003626677500005e+00
4.310999999999999728e-03 2.885840342499169875e+00
-5.550000000000000462e-04 3.036585112575830081e+00
-3.937000000000000395e-03 2.952689113646670194e+00
-1.196999999999999930e-03 3.097709143024999889e+00
-1.538000000000000088e-03 3.526920076280830152e+00
-5.360000000000000181e-04 3.210439496352500033e+00
4.294000000000000074e-03 2.934541733082919990e+00
-1.848000000000000033e-03 2.631649450670829893e+00
-2.693000000000000081e-03 3.091088901733329841e+00
1.191999999999999917e-03 2.885840342499169875e+00
6.970000000000000284e-04 3.333589427757500001e+00
