8.479000000000000425e-03 3.695849826027500118e+00
-8.002000000000000432e-03 2.885840342499169875e+00
-4.560999999999999950e-03 3.310803478648329801e+00
1.753000000000000001e-03 2.952689113646670194e+00
-4.263000000000000296e-03 3.097709143024999889e+00
-5.660000000000000100e-03 2.649287264275829834e+00
8.432999999999999524e-03 3.067902501211670074e+00
-3.103999999999999988e-03 3.802975839610000186e+00
-8.549999999999999658e-04 2.631649450670829893e+00
9.190000000000000252e-03 3.091088901733329841e+00
-6.368000000000000396e-03 3.064782091047499879e+00
4.958999999999999866e-03 2.887873083694170173e+00
