2.825999999999999953e-03 3.695849826027500118e+00
2.008999999999999935e-03 3.432888597416670073e+00
-3.379000000000000059e-03 3.036585112575830081e+00
2.320000000000000014e-03 3.257677341010829952e+00
7.414999999999999716e-03 3.251443298889999944e+00
-5.335000000000000332e-03 3.346187224156670137e+00
-3.219000000000000073e-03 3.210439496352500033e+00
2.686000000000000019e-03 3.726146698654170031e+00
-5.049999999999999802e-03 3.630449961232499856e+00
1.662999999999999982e-03 3.091088901733329841e+00
-5.209999999999999788e-04 3.064782091047499879e+00
-1.413999999999999892e-03 3.333589427757500001e+00
