2.825999999999999953e-03 4.352882823775000354e+00
2.008999999999999935e-03 3.554459934575830093e+00
-3.379000000000000059e-03 3.513360760031670083e+00
2.320000000000000014e-03 4.409835926537500228e+00
7.414999999999999716e-03 3.712643095899999857e+00
-5.335000000000000332e-03 3.670384358495829780e+00
-3.219000000000000073e-03 3.067902501211670074e+00
2.686000000000000019e-03 3.802975839610000186e+00
-5.049999999999999802e-03 2.631649450670829893e+00
1.662999999999999982e-03 3.091088901733329841e+00
-5.209999999999999788e-04 2.885840342499169875e+00
-1.413999999999999892e-03 3.069846176671669813e+00
