-1.574000000000000095e-03 2.753895383479170178e+00
9.681000000000000369e-03 3.001973113065830034e+00
5.550000000000000246e-03 3.649124527290830144e+00
-5.701999999999999603e-03 3.184694893079170086e+00
-3.429999999999999889e-03 3.251443298889999944e+00
1.209000000000000005e-03 2.920692407705829829e+00
-1.256400000000000051e-02 2.673386568951670039e+00
1.386999999999999995e-03 3.286509243044169803e+00
3.644999999999999803e-03 3.013554336649169940e+00
-2.929000000000000180e-03 2.878675966484169901e+00
5.485000000000000292e-03 3.323327811357500217e+00
-7.590000000000000175e-04 2.689221729744169842e+00
