-8.430999999999999259e-03 3.093129878573329883e+00
7.394000000000000399e-03 3.980569663493750188e+00
-1.265999999999999981e-03 4.116817908532500070e+00
-2.814999999999999794e-03 2.507884720399169876e+00
2.348999999999999960e-03 3.783358151691670113e+00
4.712000000000000043e-03 4.197239446809169827e+00
-7.752000000000000210e-03 2.673386568951670039e+00
3.918999999999999741e-03 3.531499054073329980e+00
-1.358000000000000049e-03 3.692919181488329983e+00
-5.211999999999999619e-03 2.878675966484169901e+00
2.712000000000000001e-03 3.910355013090000220e+00
5.748999999999999770e-03 3.830967429579999806e+00
