-8.430999999999999259e-03 3.246110927219170161e+00
7.394000000000000399e-03 4.876819247654579748e+00
-1.265999999999999981e-03 4.617735542580000185e+00
-2.814999999999999794e-03 2.507884720399169876e+00
2.348999999999999960e-03 4.334718540721669733e+00
4.712000000000000043e-03 4.767216785697080184e+00
-7.752000000000000210e-03 3.067902501211670074e+00
3.918999999999999741e-03 4.222085250333329931e+00
-1.358000000000000049e-03 4.424686851581670410e+00
-5.211999999999999619e-03 3.807950787064999787e+00
2.712000000000000001e-03 4.785782442602919851e+00
5.748999999999999770e-03 4.717501577301669968e+00
