-3.056000000000000123e-03 2.568261339060830206e+00
5.014000000000000228e-03 2.885840342499169875e+00
1.389999999999999960e-03 2.589181852388330096e+00
-9.915000000000000202e-03 3.383480405599999852e+00
8.384000000000000827e-03 3.016202241574169829e+00
5.008000000000000299e-03 2.920692407705829829e+00
-4.765000000000000138e-03 2.961506094162499991e+00
3.413999999999999934e-03 3.140546084757500189e+00
1.044999999999999922e-03 2.631649450670829893e+00
-1.189100000000000053e-02 2.718454609123329924e+00
6.452000000000000270e-03 2.952351001563330080e+00
-1.080000000000000014e-03 2.969677835105830166e+00
