7.948000000000000204e-03 3.015176532494169948e+00
-1.959999999999999937e-03 3.100652486853329837e+00
-1.665999999999999946e-03 3.604012066843329976e+00
-3.684999999999999908e-03 3.511233145875829909e+00
4.300000000000000003e-03 3.251443298889999944e+00
3.180999999999999800e-03 3.932697512993330147e+00
1.415000000000000025e-03 3.939983452114999896e+00
-6.199999999999999999e-04 3.448449969940829973e+00
-4.252999999999999836e-03 3.630449961232499856e+00
3.740999999999999968e-03 3.807950787064999787e+00
-4.955000000000000203e-03 3.435653489584169940e+00
-3.445000000000000145e-03 3.333589427757500001e+00
