7.948000000000000204e-03 3.844232197199170198e+00
-1.959999999999999937e-03 5.572433329396670132e+00
-1.665999999999999946e-03 5.690205861253329722e+00
-3.684999999999999908e-03 4.238871912685829635e+00
4.300000000000000003e-03 5.690205861253329722e+00
3.180999999999999800e-03 5.276271408684999997e+00
1.415000000000000025e-03 3.495623166204170129e+00
-6.199999999999999999e-04 5.652447392675830073e+00
-4.252999999999999836e-03 5.287134893453750095e+00
3.740999999999999968e-03 4.242891652345000431e+00
-4.955000000000000203e-03 5.807806564538330107e+00
-3.445000000000000145e-03 5.658296073934169890e+00
