7.948000000000000204e-03 3.169671990200829903e+00
-1.959999999999999937e-03 3.666104361145829937e+00
-1.665999999999999946e-03 3.422678836278330028e+00
-3.684999999999999908e-03 3.511233145875829909e+00
4.300000000000000003e-03 3.097709143024999889e+00
3.180999999999999800e-03 2.920692407705829829e+00
1.415000000000000025e-03 3.067902501211670074e+00
-6.199999999999999999e-04 3.649124527290830144e+00
-4.252999999999999836e-03 3.110932790737499953e+00
3.740999999999999968e-03 2.878675966484169901e+00
-4.955000000000000203e-03 3.184694893079170086e+00
-3.445000000000000145e-03 3.592552239576670026e+00
