6.890000000000000508e-04 2.782491664247499941e+00
-2.118999999999999790e-03 2.885840342499169875e+00
-3.054999999999999990e-03 2.672968507864169840e+00
4.827999999999999826e-03 2.667020842194169905e+00
-4.153999999999999707e-03 2.569013564260830051e+00
-3.380999999999999891e-03 2.715740096894999844e+00
8.019000000000000086e-03 3.143569025792499971e+00
-9.990000000000001049e-04 2.736224600591670164e+00
2.023000000000000059e-03 2.689340842610420168e+00
9.000000000000000228e-06 3.210439496352500033e+00
-3.092999999999999829e-03 2.764557671674999995e+00
1.232000000000000022e-03 2.808643797939999853e+00
