6.890000000000000508e-04 2.603649359371670080e+00
-2.118999999999999790e-03 2.633600530389999861e+00
-3.054999999999999990e-03 2.538725780065000048e+00
4.827999999999999826e-03 2.541913033926670007e+00
-4.153999999999999707e-03 2.569013564260830051e+00
-3.380999999999999891e-03 2.715740096894999844e+00
8.019000000000000086e-03 2.934741348424169782e+00
-9.990000000000001049e-04 2.579932703469169919e+00
2.023000000000000059e-03 2.768565300648750060e+00
9.000000000000000228e-06 3.020744462050830137e+00
-3.092999999999999829e-03 2.626830755832500142e+00
1.232000000000000022e-03 2.855993558841670055e+00
