5.010000000000000347e-04 2.603649359371670080e+00
-8.345999999999999253e-03 2.633600530389999861e+00
-7.040000000000000251e-03 2.933572266770830161e+00
5.197000000000000230e-03 2.898798900257499866e+00
-4.403999999999999929e-03 2.711261192726670100e+00
-3.970999999999999704e-03 2.549201570745830203e+00
1.090799999999999929e-02 2.536010068907919912e+00
-3.056000000000000123e-03 2.429781636614170015e+00
6.241000000000000020e-03 2.631649450670829893e+00
4.640000000000000027e-03 2.788383731072499927e+00
-2.396999999999999825e-03 2.626830755832500142e+00
1.727000000000000019e-03 2.604552662213329928e+00
