5.010000000000000347e-04 3.015176532494169948e+00
-8.345999999999999253e-03 2.885840342499169875e+00
-7.040000000000000251e-03 3.880491689511670117e+00
5.197000000000000230e-03 4.052894267909169734e+00
-4.403999999999999929e-03 3.617742732074999967e+00
-3.970999999999999704e-03 3.526920076280830152e+00
1.090799999999999929e-02 3.646319843685000173e+00
-3.056000000000000123e-03 4.307855329759999741e+00
6.241000000000000020e-03 3.909846210603329819e+00
4.640000000000000027e-03 4.009164337077920415e+00
-2.396999999999999825e-03 3.435653489584169940e+00
1.727000000000000019e-03 3.592552239576670026e+00
