-6.421999999999999757e-03 3.015176532494169948e+00
-1.469999999999999953e-03 2.633600530389999861e+00
1.221000000000000080e-03 2.883400558382500201e+00
-1.688999999999999963e-03 2.696385052234170132e+00
-1.822999999999999968e-03 2.711261192726670100e+00
6.408999999999999767e-03 2.649287264275829834e+00
1.876999999999999979e-03 2.885840342499169875e+00
6.163000000000000075e-03 2.797186331386670055e+00
-1.675999999999999972e-03 3.992824577332500180e+00
-3.318000000000000203e-03 3.291367351920829964e+00
5.205999999999999690e-03 3.064782091047499879e+00
-4.477000000000000077e-03 2.808643797939999853e+00
