-3.562000000000000062e-03 3.169671990200829903e+00
1.139000000000000038e-03 3.100652486853329837e+00
1.363999999999999978e-03 3.240785446584169893e+00
-5.619999999999999996e-04 3.455872847469169784e+00
-1.629000000000000023e-03 3.455872847469169784e+00
3.542000000000000010e-03 3.526920076280830152e+00
-3.468000000000000162e-03 3.346187224156670137e+00
-1.988000000000000184e-03 3.023647238655000180e+00
2.063000000000000164e-03 3.312606816262499976e+00
1.864999999999999904e-03 3.807950787064999787e+00
8.779999999999999827e-04 3.775226585093330200e+00
3.600000000000000227e-04 3.477675110559169891e+00
