-3.562000000000000062e-03 2.654003626677500005e+00
1.139000000000000038e-03 3.001973113065830034e+00
1.363999999999999978e-03 2.672968507864169840e+00
-5.619999999999999996e-04 2.952689113646670194e+00
-1.629000000000000023e-03 2.626259204186669916e+00
3.542000000000000010e-03 2.649287264275829834e+00
-3.468000000000000162e-03 3.067902501211670074e+00
-1.988000000000000184e-03 3.215854378122500190e+00
2.063000000000000164e-03 3.013554336649169940e+00
1.864999999999999904e-03 2.718454609123329924e+00
8.779999999999999827e-04 2.603649359371670080e+00
3.600000000000000227e-04 2.604552662213329928e+00
