-3.562000000000000062e-03 2.704317027463329914e+00
1.139000000000000038e-03 2.430726634215830018e+00
1.363999999999999978e-03 2.775401040593330038e+00
-5.619999999999999996e-04 3.069846176671669813e+00
-1.629000000000000023e-03 2.874774386328330156e+00
3.542000000000000010e-03 2.808643797939999853e+00
-3.468000000000000162e-03 2.999914926195000220e+00
-1.988000000000000184e-03 2.857424835184999790e+00
2.063000000000000164e-03 2.811460543843330218e+00
1.864999999999999904e-03 2.788383731072499927e+00
8.779999999999999827e-04 3.129330447653329905e+00
3.600000000000000227e-04 2.969677835105830166e+00
