-4.977999999999999786e-03 3.169671990200829903e+00
6.494999999999999905e-03 3.554459934575830093e+00
-6.049999999999999606e-04 2.883400558382500201e+00
-1.265000000000000065e-03 3.383480405599999852e+00
-3.144999999999999792e-03 3.617742732074999967e+00
6.324999999999999893e-03 3.346187224156670137e+00
-4.800999999999999712e-03 3.346187224156670137e+00
6.250000000000000130e-04 3.802975839610000186e+00
-2.024000000000000191e-03 3.630449961232499856e+00
-7.919999999999999523e-04 4.009164337077920415e+00
5.050999999999999934e-03 3.184694893079170086e+00
-8.869999999999999846e-04 3.069846176671669813e+00
