-4.977999999999999786e-03 2.753895383479170178e+00
6.494999999999999905e-03 3.506392218752500067e+00
-6.049999999999999606e-04 3.759098109651669795e+00
-1.265000000000000065e-03 2.952689113646670194e+00
-3.144999999999999792e-03 3.506392218752500067e+00
6.324999999999999893e-03 3.159909139493750185e+00
-4.800999999999999712e-03 3.346187224156670137e+00
6.250000000000000130e-04 3.679495149491669892e+00
-2.024000000000000191e-03 4.052894267909169734e+00
-7.919999999999999523e-04 3.188253416951670083e+00
5.050999999999999934e-03 3.943616677120830083e+00
-8.869999999999999846e-04 3.333589427757500001e+00
