-4.977999999999999786e-03 3.321491868097500078e+00
6.494999999999999905e-03 3.288397554711670168e+00
-6.049999999999999606e-04 3.173370239693329875e+00
-1.265000000000000065e-03 3.110932790737499953e+00
-3.144999999999999792e-03 3.380474998865000025e+00
6.324999999999999893e-03 3.346187224156670137e+00
-4.800999999999999712e-03 3.210439496352500033e+00
6.250000000000000130e-04 3.215854378122500190e+00
-2.024000000000000191e-03 3.110932790737499953e+00
-7.919999999999999523e-04 3.291367351920829964e+00
5.050999999999999934e-03 3.064782091047499879e+00
-8.869999999999999846e-04 3.477675110559169891e+00
