-1.577999999999999976e-03 3.169671990200829903e+00
1.533999999999999990e-03 3.980569663493750188e+00
1.211999999999999970e-03 3.604012066843329976e+00
-1.278000000000000056e-03 2.626830755832500142e+00
1.941999999999999933e-03 3.251443298889999944e+00
5.280000000000000405e-04 4.146414329528330001e+00
-3.834999999999999867e-03 3.067902501211670074e+00
9.110000000000000259e-04 4.119306999969169603e+00
1.242999999999999964e-03 3.312606816262499976e+00
-1.350000000000000071e-03 3.477675110559169891e+00
-6.030000000000000204e-04 3.184694893079170086e+00
1.273999999999999959e-03 3.880491689511670117e+00
