3.275999999999999832e-03 2.340565961096670033e+00
-3.101000000000000024e-03 3.347122621728749969e+00
5.619999999999999996e-04 3.100652486853329837e+00
-6.750000000000000357e-04 2.808643797939999853e+00
-6.941000000000000121e-03 3.380474998865000025e+00
-5.903000000000000261e-03 2.761840708034999814e+00
3.781000000000000073e-03 3.118169833826669901e+00
-2.458999999999999814e-03 2.885840342499169875e+00
1.547999999999999897e-03 3.013554336649169940e+00
8.611999999999999864e-03 3.348840918498329877e+00
8.159999999999999936e-04 2.678153099920829838e+00
4.829999999999999767e-04 3.142557359485000035e+00
