-8.260000000000000198e-04 3.015176532494169948e+00
2.941000000000000038e-03 3.288397554711670168e+00
-1.054000000000000032e-03 2.933572266770830161e+00
2.530000000000000131e-03 3.110932790737499953e+00
-3.106999999999999953e-03 3.251443298889999944e+00
-4.122999999999999929e-03 3.159909139493750185e+00
8.935999999999999499e-03 3.210439496352500033e+00
-1.717999999999999909e-03 3.726146698654170031e+00
-1.709999999999999932e-03 2.768565300648750060e+00
3.380999999999999891e-03 3.188253416951670083e+00
-6.780000000000000002e-04 2.788383731072499927e+00
-4.572999999999999808e-03 3.333589427757500001e+00
