-3.301999999999999814e-03 3.455872847469169784e+00
-8.899999999999999491e-04 3.100652486853329837e+00
-9.200000000000000278e-04 3.513360760031670083e+00
-1.863999999999999988e-03 2.952689113646670194e+00
-3.350999999999999812e-03 3.097709143024999889e+00
1.559000000000000056e-03 3.670384358495829780e+00
-1.327000000000000055e-03 3.067902501211670074e+00
-2.559000000000000077e-03 2.934541733082919990e+00
2.098000000000000038e-03 2.631649450670829893e+00
5.372000000000000039e-03 3.649124527290830144e+00
1.260000000000000052e-03 3.435653489584169940e+00
3.924999999999999670e-03 3.069846176671669813e+00
