-2.174000000000000151e-03 2.861578711234169958e+00
8.919999999999999978e-04 3.288397554711670168e+00
4.257999999999999632e-03 2.672968507864169840e+00
2.951000000000000064e-03 3.257677341010829952e+00
-3.010000000000000089e-03 3.506392218752500067e+00
2.318999999999999881e-03 3.159909139493750185e+00
-2.337999999999999801e-03 3.067902501211670074e+00
-1.335999999999999948e-03 3.215854378122500190e+00
-5.540000000000000219e-04 2.887873083694170173e+00
1.600000000000000131e-04 3.477675110559169891e+00
7.900000000000000121e-04 3.064782091047499879e+00
-1.958000000000000105e-03 2.887873083694170173e+00
