-2.174000000000000151e-03 3.585468473592499983e+00
8.919999999999999978e-04 3.666104361145829937e+00
4.257999999999999632e-03 3.036585112575830081e+00
2.951000000000000064e-03 3.257677341010829952e+00
-3.010000000000000089e-03 3.506392218752500067e+00
2.318999999999999881e-03 3.159909139493750185e+00
-2.337999999999999801e-03 2.463280187130830079e+00
-1.335999999999999948e-03 3.091088901733329841e+00
-5.540000000000000219e-04 3.482246535817500099e+00
1.600000000000000131e-04 3.091088901733329841e+00
7.900000000000000121e-04 2.475586401600000208e+00
-1.958000000000000105e-03 3.333589427757500001e+00
