-2.990000000000000036e-04 3.015176532494169948e+00
-7.309999999999999875e-04 3.432888597416670073e+00
-1.167999999999999984e-03 2.232839864690829845e+00
3.637000000000000042e-03 3.257677341010829952e+00
2.399000000000000091e-03 2.496194736433329897e+00
8.610000000000000032e-04 2.317647794300830011e+00
-3.056000000000000123e-03 3.646319843685000173e+00
-4.088999999999999753e-03 2.626259204186669916e+00
4.689999999999999725e-03 2.631649450670829893e+00
-6.161999999999999943e-03 3.091088901733329841e+00
3.037999999999999902e-03 2.475586401600000208e+00
8.809999999999999472e-04 2.689221729744169842e+00
