4.786999999999999589e-03 2.898798900257499866e+00
-4.865999999999999666e-03 2.967084663710830128e+00
-3.902000000000000086e-03 2.907687148041670167e+00
5.641000000000000181e-03 2.731528313290830123e+00
-8.070000000000000784e-03 2.874774386328330156e+00
5.710000000000000015e-04 3.252808126464170169e+00
2.410000000000000033e-04 2.362386496003329839e+00
-3.863999999999999813e-03 2.887873083694170173e+00
5.917999999999999650e-03 2.768565300648750060e+00
1.088700000000000084e-02 2.678153099920829838e+00
-7.352000000000000028e-03 2.927169939560000156e+00
1.000000000000000082e-05 3.125260492918330080e+00
