4.786999999999999589e-03 2.704317027463329914e+00
-4.865999999999999666e-03 3.218496287728330074e+00
-3.902000000000000086e-03 2.907687148041670167e+00
5.641000000000000181e-03 2.867187828557499873e+00
-8.070000000000000784e-03 2.874774386328330156e+00
5.710000000000000015e-04 3.091088901733329841e+00
2.410000000000000033e-04 2.615355698615000168e+00
-3.863999999999999813e-03 3.407147144224579982e+00
5.917999999999999650e-03 3.110932790737499953e+00
1.088700000000000084e-02 2.678153099920829838e+00
-7.352000000000000028e-03 3.485457527015829893e+00
1.000000000000000082e-05 2.774105251354169965e+00
