1.217999999999999899e-03 2.654003626677500005e+00
9.120000000000000502e-04 3.288397554711670168e+00
-3.334999999999999857e-03 3.422678836278330028e+00
7.355000000000000426e-03 3.644814572479170067e+00
3.139999999999999996e-03 2.910003366371670008e+00
1.544999999999999932e-03 3.346187224156670137e+00
-3.480000000000000020e-04 3.067902501211670074e+00
-3.213999999999999843e-03 3.215854378122500190e+00
3.298000000000000150e-03 3.110932790737499953e+00
4.597999999999999657e-03 3.477675110559169891e+00
-8.262999999999999512e-03 3.064782091047499879e+00
-6.904999999999999680e-03 3.592552239576670026e+00
