1.217999999999999899e-03 2.654003626677500005e+00
9.120000000000000502e-04 2.704317027463329914e+00
-3.334999999999999857e-03 2.508423063531670216e+00
7.355000000000000426e-03 2.287867576024170013e+00
3.139999999999999996e-03 2.663617178879170044e+00
1.544999999999999932e-03 2.589181852388330096e+00
-3.480000000000000020e-04 2.505195713344170017e+00
-3.213999999999999843e-03 2.469047581367500133e+00
3.298000000000000150e-03 2.555674054861249989e+00
4.597999999999999657e-03 2.607826392740829835e+00
-8.262999999999999512e-03 3.098557482439169952e+00
-6.904999999999999680e-03 2.565269012828330197e+00
