1.217999999999999899e-03 2.452747889534999892e+00
9.120000000000000502e-04 3.001973113065830034e+00
-3.334999999999999857e-03 2.883400558382500201e+00
7.355000000000000426e-03 2.507884720399169876e+00
3.139999999999999996e-03 2.848232117060829793e+00
1.544999999999999932e-03 2.480167664599170152e+00
-3.480000000000000020e-04 2.463280187130830079e+00
-3.213999999999999843e-03 2.626259204186669916e+00
3.298000000000000150e-03 2.308312228881669981e+00
4.597999999999999657e-03 2.607826392740829835e+00
-8.262999999999999512e-03 2.678153099920829838e+00
-6.904999999999999680e-03 2.808643797939999853e+00
