1.217999999999999899e-03 3.169671990200829903e+00
9.120000000000000502e-04 3.853854074026669796e+00
-3.334999999999999857e-03 3.513360760031670083e+00
7.355000000000000426e-03 3.110932790737499953e+00
3.139999999999999996e-03 3.097709143024999889e+00
1.544999999999999932e-03 4.041601257555829996e+00
-3.480000000000000020e-04 3.939983452114999896e+00
-3.213999999999999843e-03 3.215854378122500190e+00
3.298000000000000150e-03 3.909846210603329819e+00
4.597999999999999657e-03 3.291367351920829964e+00
-8.262999999999999512e-03 3.880491689511670117e+00
-6.904999999999999680e-03 3.679495149491669892e+00
