1.217999999999999899e-03 3.169671990200829903e+00
9.120000000000000502e-04 3.729465082537500198e+00
-3.334999999999999857e-03 3.880491689511670117e+00
7.355000000000000426e-03 2.696385052234170132e+00
3.139999999999999996e-03 3.016202241574169829e+00
1.544999999999999932e-03 3.272719868867500104e+00
-3.480000000000000020e-04 2.961506094162499991e+00
-3.213999999999999843e-03 3.649124527290830144e+00
3.298000000000000150e-03 3.410225028047499940e+00
4.597999999999999657e-03 2.972576940943330026e+00
-8.262999999999999512e-03 3.531499054073329980e+00
-6.904999999999999680e-03 3.526920076280830152e+00
