6.679999999999999740e-04 3.585468473592499983e+00
3.314999999999999804e-03 2.633600530389999861e+00
-9.009999999999999997e-04 2.883400558382500201e+00
-6.313000000000000035e-03 3.383480405599999852e+00
4.390999999999999938e-03 2.910003366371670008e+00
1.420000000000000038e-03 2.649287264275829834e+00
-5.190000000000000169e-03 2.463280187130830079e+00
6.769999999999999759e-04 2.797186331386670055e+00
1.314999999999999980e-03 2.631649450670829893e+00
3.420000000000000188e-04 3.649124527290830144e+00
1.178000000000000011e-03 3.184694893079170086e+00
-9.030000000000000483e-04 3.069846176671669813e+00
