-5.429999999999999931e-03 3.015176532494169948e+00
-1.407999999999999963e-03 2.885840342499169875e+00
-1.472999999999999917e-03 2.466548709025830011e+00
-8.266000000000000777e-03 2.626830755832500142e+00
-9.399999999999999448e-05 3.097709143024999889e+00
8.850000000000000444e-04 3.159909139493750185e+00
1.641000000000000097e-03 2.463280187130830079e+00
8.390999999999999154e-03 2.797186331386670055e+00
5.379000000000000101e-03 3.110932790737499953e+00
-1.276700000000000057e-02 3.091088901733329841e+00
6.968000000000000235e-03 3.064782091047499879e+00
6.176000000000000066e-03 2.474262205700000106e+00
