-5.429999999999999931e-03 3.585468473592499983e+00
-1.407999999999999963e-03 2.633600530389999861e+00
-1.472999999999999917e-03 3.422678836278330028e+00
-8.266000000000000777e-03 3.110932790737499953e+00
-9.399999999999999448e-05 3.097709143024999889e+00
8.850000000000000444e-04 2.920692407705829829e+00
1.641000000000000097e-03 3.067902501211670074e+00
8.390999999999999154e-03 2.626259204186669916e+00
5.379000000000000101e-03 2.631649450670829893e+00
-1.276700000000000057e-02 2.607826392740829835e+00
6.968000000000000235e-03 3.184694893079170086e+00
6.176000000000000066e-03 2.474262205700000106e+00
