6.166999999999999739e-03 3.169671990200829903e+00
-6.288000000000000186e-03 3.198459249767500179e+00
-3.337000000000000122e-03 3.173370239693329875e+00
1.317899999999999974e-02 3.184694893079170086e+00
-1.138800000000000055e-02 2.910003366371670008e+00
8.389999999999999888e-03 3.346187224156670137e+00
4.924999999999999691e-03 3.432888597416670073e+00
-9.659999999999999533e-04 3.140546084757500189e+00
-3.286999999999999991e-03 3.215854378122500190e+00
1.618999999999999996e-03 3.477675110559169891e+00
-3.468000000000000162e-03 3.491849078750000057e+00
-5.545999999999999715e-03 3.069846176671669813e+00
