6.784000000000000100e-03 2.861578711234169958e+00
-4.090000000000000211e-04 3.100652486853329837e+00
7.399999999999999623e-05 2.672968507864169840e+00
-4.947000000000000008e-03 3.063190989340829784e+00
-1.495000000000000018e-03 2.910003366371670008e+00
-9.439999999999999607e-04 2.920692407705829829e+00
6.276999999999999594e-03 3.067902501211670074e+00
-1.534999999999999906e-03 3.023647238655000180e+00
-1.508999999999999925e-03 3.110932790737499953e+00
2.779999999999999811e-04 3.091088901733329841e+00
-2.011000000000000201e-03 2.885840342499169875e+00
-5.640000000000000482e-04 2.474262205700000106e+00
