-1.402999999999999950e-03 2.504885571347499784e+00
-5.292999999999999962e-03 2.685387212370829779e+00
-1.910999999999999938e-03 2.508423063531670216e+00
5.461999999999999841e-03 2.668065592710830103e+00
1.025000000000000086e-03 2.885598575744170002e+00
2.001000000000000174e-03 2.425596231700830163e+00
-2.448999999999999788e-03 2.625972397568329786e+00
1.031000000000000015e-03 2.469047581367500133e+00
-5.619999999999999996e-04 2.569042594450829942e+00
2.403000000000000188e-03 2.920692407705829829e+00
-1.606999999999999922e-03 2.603649359371670080e+00
1.304000000000000038e-03 2.765685213360829842e+00
