-1.054999999999999948e-03 2.654003626677500005e+00
3.106999999999999953e-03 2.885840342499169875e+00
2.451000000000000054e-03 2.466548709025830011e+00
-6.591999999999999769e-03 2.626830755832500142e+00
-2.407999999999999984e-03 2.711261192726670100e+00
4.637999999999999762e-03 2.808643797939999853e+00
-8.233000000000000734e-03 2.673386568951670039e+00
4.351999999999999966e-03 2.429781636614170015e+00
-9.600000000000000243e-05 2.469620678989170148e+00
-1.036999999999999944e-03 2.607826392740829835e+00
5.383999999999999897e-03 2.678153099920829838e+00
-5.109999999999999525e-04 2.474262205700000106e+00
