-6.421999999999999757e-03 3.169671990200829903e+00
-1.469999999999999953e-03 3.100652486853329837e+00
1.221000000000000080e-03 2.672968507864169840e+00
-1.688999999999999963e-03 2.696385052234170132e+00
-1.822999999999999968e-03 3.380474998865000025e+00
6.408999999999999767e-03 2.317647794300830011e+00
1.876999999999999979e-03 2.673386568951670039e+00
6.163000000000000075e-03 2.626259204186669916e+00
-1.675999999999999972e-03 3.410225028047499940e+00
-3.318000000000000203e-03 2.289589200871669838e+00
5.205999999999999690e-03 2.678153099920829838e+00
-4.477000000000000077e-03 2.604552662213329928e+00
