-6.421999999999999757e-03 4.352882823775000354e+00
-1.469999999999999953e-03 4.965322365333330268e+00
1.221000000000000080e-03 4.375678476697499875e+00
-1.688999999999999963e-03 3.511233145875829909e+00
-1.822999999999999968e-03 4.800010984516670298e+00
6.408999999999999767e-03 4.247490107064169962e+00
1.876999999999999979e-03 3.210439496352500033e+00
6.163000000000000075e-03 4.009627536264999570e+00
-1.675999999999999972e-03 4.697091780108750392e+00
-3.318000000000000203e-03 3.291367351920829964e+00
5.205999999999999690e-03 4.315317867711669919e+00
-4.477000000000000077e-03 4.657229836245829979e+00
