-3.599000000000000202e-03 2.491314450758329802e+00
1.415000000000000025e-03 2.704317027463329914e+00
1.066000000000000107e-03 2.756436819801669991e+00
2.067999999999999960e-03 2.596753730345419786e+00
-4.967000000000000061e-03 3.145217135069999781e+00
1.701999999999999954e-03 2.853276487434170061e+00
3.778000000000000108e-03 2.828502553909999939e+00
-5.176000000000000045e-03 2.895474298969169968e+00
-3.376000000000000095e-03 2.441216178473330167e+00
6.662999999999999652e-03 2.658707669770830062e+00
2.554999999999999979e-03 2.538863866220829824e+00
-2.128999999999999816e-03 2.276516191284169821e+00
