-3.599000000000000202e-03 2.805458122582499936e+00
1.415000000000000025e-03 2.683714195105829869e+00
1.066000000000000107e-03 2.709619024943330068e+00
2.067999999999999960e-03 3.069846176671669813e+00
-4.967000000000000061e-03 3.190765938225000209e+00
1.701999999999999954e-03 3.048830441496670041e+00
3.778000000000000108e-03 2.624530291645830182e+00
-5.176000000000000045e-03 2.892300137293330131e+00
-3.376000000000000095e-03 2.768565300648750060e+00
6.662999999999999652e-03 2.654291037824170196e+00
2.554999999999999979e-03 2.927169939560000156e+00
-2.128999999999999816e-03 3.274583333304999844e+00
