-3.599000000000000202e-03 2.232839864690829845e+00
1.415000000000000025e-03 2.885840342499169875e+00
1.066000000000000107e-03 2.672968507864169840e+00
2.067999999999999960e-03 3.257677341010829952e+00
-4.967000000000000061e-03 2.711261192726670100e+00
1.701999999999999954e-03 2.920692407705829829e+00
3.778000000000000108e-03 3.067902501211670074e+00
-5.176000000000000045e-03 3.091088901733329841e+00
-3.376000000000000095e-03 2.887873083694170173e+00
6.662999999999999652e-03 3.291367351920829964e+00
2.554999999999999979e-03 3.323327811357500217e+00
-2.128999999999999816e-03 2.887873083694170173e+00
