-3.599000000000000202e-03 2.363214412046669821e+00
1.415000000000000025e-03 2.474262205700000106e+00
1.066000000000000107e-03 2.672968507864169840e+00
2.067999999999999960e-03 2.467626016108329878e+00
-4.967000000000000061e-03 2.660084370077500093e+00
1.701999999999999954e-03 2.572588807304999836e+00
3.778000000000000108e-03 2.734236926803330192e+00
-5.176000000000000045e-03 2.885840342499169875e+00
-3.376000000000000095e-03 2.697573116506669866e+00
6.662999999999999652e-03 2.491314450758329802e+00
2.554999999999999979e-03 2.771066575876670157e+00
-2.128999999999999816e-03 2.474262205700000106e+00
