-3.599000000000000202e-03 2.898798900257499866e+00
1.415000000000000025e-03 2.692087293404170190e+00
1.066000000000000107e-03 2.615942333617499838e+00
2.067999999999999960e-03 2.673386568951670039e+00
-4.967000000000000061e-03 2.579338222557499893e+00
1.701999999999999954e-03 2.858273230285830024e+00
3.778000000000000108e-03 2.629654001907499872e+00
-5.176000000000000045e-03 2.626259204186669916e+00
-3.376000000000000095e-03 2.429462958750829848e+00
6.662999999999999652e-03 2.788383731072499927e+00
2.554999999999999979e-03 2.533588103396669844e+00
-2.128999999999999816e-03 2.855993558841670055e+00
