-1.115000000000000106e-03 2.602471109636669944e+00
4.629999999999999784e-04 2.447809453425830117e+00
-9.269999999999999811e-04 2.506568177727499958e+00
-1.683999999999999950e-03 2.591645533234999910e+00
-1.317000000000000028e-03 2.783856976945830120e+00
1.275000000000000092e-03 2.459603289673330195e+00
2.860000000000000129e-04 2.377569161194169833e+00
-8.299999999999999815e-05 2.554645979058329797e+00
1.623000000000000094e-03 2.441216178473330167e+00
-8.140000000000000534e-04 2.658707669770830062e+00
-1.169999999999999979e-04 2.428809347847499911e+00
2.409000000000000117e-03 2.541218943610000114e+00
