-1.069999999999999988e-04 2.370656942479170137e+00
1.783999999999999996e-03 2.542129123595000095e+00
7.998999999999999166e-03 2.423017778335830208e+00
-7.024999999999999994e-03 2.301459009267500022e+00
5.335999999999999598e-03 2.435581970369169902e+00
1.761999999999999894e-03 2.412108381078749808e+00
-1.613799999999999957e-02 2.421624765648330069e+00
6.308000000000000239e-03 2.329096241746670071e+00
1.572000000000000047e-03 2.380654710124169959e+00
-1.101300000000000022e-02 2.781334037115830160e+00
6.936000000000000325e-03 2.529297295644170163e+00
2.586999999999999890e-03 2.428809347847499911e+00
