-1.069999999999999988e-04 2.452747889534999892e+00
1.783999999999999996e-03 2.885840342499169875e+00
7.998999999999999166e-03 3.173370239693329875e+00
-7.024999999999999994e-03 3.383480405599999852e+00
5.335999999999999598e-03 3.251443298889999944e+00
1.761999999999999894e-03 2.920692407705829829e+00
-1.613799999999999957e-02 2.673386568951670039e+00
6.308000000000000239e-03 2.934541733082919990e+00
1.572000000000000047e-03 3.312606816262499976e+00
-1.101300000000000022e-02 2.878675966484169901e+00
6.936000000000000325e-03 2.885840342499169875e+00
2.586999999999999890e-03 3.069846176671669813e+00
