-1.069999999999999988e-04 2.654003626677500005e+00
1.783999999999999996e-03 2.704317027463329914e+00
7.998999999999999166e-03 2.289640132391669969e+00
-7.024999999999999994e-03 2.317647794300830011e+00
5.335999999999999598e-03 2.602766760828330028e+00
1.761999999999999894e-03 2.317647794300830011e+00
-1.613799999999999957e-02 2.505195713344170017e+00
6.308000000000000239e-03 2.321779771429170136e+00
1.572000000000000047e-03 2.509359416173329915e+00
-1.101300000000000022e-02 2.289589200871669838e+00
6.936000000000000325e-03 2.559988916058329789e+00
2.586999999999999890e-03 2.632013715937500109e+00
