-1.069999999999999988e-04 2.568261339060830206e+00
1.783999999999999996e-03 2.885840342499169875e+00
7.998999999999999166e-03 2.883400558382500201e+00
-7.024999999999999994e-03 2.423017778335830208e+00
5.335999999999999598e-03 2.496194736433329897e+00
1.761999999999999894e-03 2.480167664599170152e+00
-1.613799999999999957e-02 3.067902501211670074e+00
6.308000000000000239e-03 2.626259204186669916e+00
1.572000000000000047e-03 3.215854378122500190e+00
-1.101300000000000022e-02 2.718454609123329924e+00
6.936000000000000325e-03 2.475586401600000208e+00
2.586999999999999890e-03 2.474262205700000106e+00
