-1.069999999999999988e-04 2.912275816651670013e+00
1.783999999999999996e-03 2.633600530389999861e+00
7.998999999999999166e-03 2.883400558382500201e+00
-7.024999999999999994e-03 2.232839864690829845e+00
5.335999999999999598e-03 2.496194736433329897e+00
1.761999999999999894e-03 2.808643797939999853e+00
-1.613799999999999957e-02 3.067902501211670074e+00
6.308000000000000239e-03 2.429781636614170015e+00
1.572000000000000047e-03 2.308312228881669981e+00
-1.101300000000000022e-02 3.161525229510830037e+00
6.936000000000000325e-03 2.678153099920829838e+00
2.586999999999999890e-03 2.761840708034999814e+00
