-1.069999999999999988e-04 2.452747889534999892e+00
1.783999999999999996e-03 2.474262205700000106e+00
7.998999999999999166e-03 2.589181852388330096e+00
-7.024999999999999994e-03 2.626830755832500142e+00
5.335999999999999598e-03 2.357709953982499940e+00
1.761999999999999894e-03 2.317647794300830011e+00
-1.613799999999999957e-02 2.673386568951670039e+00
6.308000000000000239e-03 2.797186331386670055e+00
1.572000000000000047e-03 2.469620678989170148e+00
-1.101300000000000022e-02 2.289589200871669838e+00
6.936000000000000325e-03 2.678153099920829838e+00
2.586999999999999890e-03 2.808643797939999853e+00
