-1.675999999999999972e-03 3.015176532494169948e+00
-6.189999999999999756e-04 3.100652486853329837e+00
-5.291999999999999829e-03 3.422678836278330028e+00
4.368999999999999620e-03 2.626830755832500142e+00
-3.906999999999999883e-03 3.251443298889999944e+00
-3.531999999999999983e-03 2.920692407705829829e+00
5.130000000000000011e-03 3.210439496352500033e+00
-1.917000000000000084e-03 3.333589427757500001e+00
3.367000000000000201e-03 3.110932790737499953e+00
2.216999999999999787e-03 3.291367351920829964e+00
-9.940000000000000918e-04 3.184694893079170086e+00
2.854999999999999899e-03 3.069846176671669813e+00
