-1.675999999999999972e-03 3.015176532494169948e+00
-6.189999999999999756e-04 2.311288980515000091e+00
-5.291999999999999829e-03 3.173370239693329875e+00
4.368999999999999620e-03 3.644814572479170067e+00
-3.906999999999999883e-03 2.910003366371670008e+00
-3.531999999999999983e-03 3.526920076280830152e+00
5.130000000000000011e-03 4.329717412763329776e+00
-1.917000000000000084e-03 2.797186331386670055e+00
3.367000000000000201e-03 3.312606816262499976e+00
2.216999999999999787e-03 3.807950787064999787e+00
-9.940000000000000918e-04 2.885840342499169875e+00
2.854999999999999899e-03 3.333589427757500001e+00
