-1.049999999999999935e-03 2.529297295644170163e+00
7.444000000000000096e-03 2.790391097061669878e+00
2.011999999999999900e-03 2.608700877995830059e+00
-4.831000000000000225e-03 2.893165759816669791e+00
5.846999999999999767e-03 2.654577780701670164e+00
4.910000000000000085e-04 2.849088273545830052e+00
5.450000000000000200e-04 2.536010068907919912e+00
-4.230000000000000253e-03 2.865909612323330080e+00
-2.252999999999999794e-03 2.807083964642500096e+00
-1.912000000000000071e-03 2.664299776436669820e+00
-2.256999999999999892e-03 2.577307773282500047e+00
1.939999999999999993e-04 2.751405401767499814e+00
