-1.049999999999999935e-03 3.169671990200829903e+00
7.444000000000000096e-03 2.885840342499169875e+00
2.011999999999999900e-03 3.422678836278330028e+00
-4.831000000000000225e-03 2.952689113646670194e+00
5.846999999999999767e-03 2.910003366371670008e+00
4.910000000000000085e-04 2.649287264275829834e+00
5.450000000000000200e-04 3.210439496352500033e+00
-4.230000000000000253e-03 3.448449969940829973e+00
-2.252999999999999794e-03 3.776588480504170064e+00
-1.912000000000000071e-03 3.091088901733329841e+00
-2.256999999999999892e-03 3.064782091047499879e+00
1.939999999999999993e-04 2.887873083694170173e+00
