2.400000000000000061e-05 3.321491868097500078e+00
-2.096999999999999906e-03 2.311288980515000091e+00
-3.239000000000000126e-03 2.672968507864169840e+00
1.709999999999999932e-03 2.952689113646670194e+00
4.699999999999999859e-04 2.711261192726670100e+00
-8.829999999999999958e-04 3.346187224156670137e+00
-5.890000000000000270e-03 3.067902501211670074e+00
-7.200000000000000453e-04 3.091088901733329841e+00
3.660000000000000059e-04 3.110932790737499953e+00
9.901000000000000079e-03 2.607826392740829835e+00
4.067000000000000302e-03 3.531499054073329980e+00
-3.709000000000000057e-03 2.689221729744169842e+00
