-1.027199999999999988e-02 3.093129878573329883e+00
8.855000000000000024e-03 3.001973113065830034e+00
2.491999999999999858e-03 3.310803478648329801e+00
3.203000000000000118e-03 3.257677341010829952e+00
-2.164999999999999824e-03 3.380474998865000025e+00
-1.216000000000000067e-03 2.808643797939999853e+00
-2.727999999999999956e-03 3.067902501211670074e+00
-7.560000000000000530e-04 2.797186331386670055e+00
2.654999999999999808e-03 2.469620678989170148e+00
-9.391000000000000042e-03 2.972576940943330026e+00
6.013000000000000116e-03 2.603649359371670080e+00
3.310000000000000008e-03 3.210370848814580125e+00
