-4.877000000000000259e-03 2.704317027463329914e+00
-1.446000000000000020e-03 2.633600530389999861e+00
1.928999999999999942e-03 2.672968507864169840e+00
1.572999999999999962e-03 2.626830755832500142e+00
4.657999999999999814e-03 2.649287264275829834e+00
1.043000000000000090e-03 2.761840708034999814e+00
-2.384999999999999967e-03 2.289589200871669838e+00
-7.159999999999999481e-04 2.671281496234170216e+00
-1.800000000000000046e-05 2.704317027463329914e+00
-2.968999999999999851e-03 2.934857571999169856e+00
-1.291000000000000047e-03 2.388292510494169907e+00
4.499999999999999660e-03 2.565269012828330197e+00
