-4.877000000000000259e-03 2.861578711234169958e+00
-1.446000000000000020e-03 3.666104361145829937e+00
1.928999999999999942e-03 2.672968507864169840e+00
1.572999999999999962e-03 3.110932790737499953e+00
4.657999999999999814e-03 3.380474998865000025e+00
1.043000000000000090e-03 2.920692407705829829e+00
-2.384999999999999967e-03 2.463280187130830079e+00
-7.159999999999999481e-04 2.934541733082919990e+00
-1.800000000000000046e-05 2.887873083694170173e+00
-2.968999999999999851e-03 2.878675966484169901e+00
-1.291000000000000047e-03 3.064782091047499879e+00
4.499999999999999660e-03 3.477675110559169891e+00
