1.830999999999999945e-03 2.861578711234169958e+00
-7.122999999999999991e-03 3.100652486853329837e+00
-2.220999999999999884e-03 3.310803478648329801e+00
1.119999999999999902e-03 3.257677341010829952e+00
-4.229999999999999819e-04 3.179103135220830101e+00
-2.645000000000000216e-03 2.920692407705829829e+00
2.478000000000000168e-03 2.781334037115830160e+00
5.240000000000000517e-04 3.091088901733329841e+00
2.543000000000000121e-03 2.887873083694170173e+00
3.635999999999999909e-03 2.878675966484169901e+00
5.519999999999999733e-04 2.952351001563330080e+00
-2.739999999999999923e-04 2.969677835105830166e+00
