3.390999999999999917e-03 3.321491868097500078e+00
2.743999999999999911e-03 3.554459934575830093e+00
-5.673000000000000091e-03 3.759098109651669795e+00
6.126000000000000369e-03 3.776588480504170064e+00
-2.586000000000000191e-03 3.807950787064999787e+00
-6.864999999999999575e-03 3.526920076280830152e+00
9.500000000000000523e-05 3.210439496352500033e+00
1.453000000000000081e-03 3.333589427757500001e+00
3.902000000000000086e-03 3.110932790737499953e+00
5.610999999999999668e-03 2.607826392740829835e+00
-5.410000000000000312e-04 3.323327811357500217e+00
-7.656999999999999744e-03 3.592552239576670026e+00
