-8.935000000000000234e-03 3.695849826027500118e+00
-1.366000000000000027e-03 3.432888597416670073e+00
3.935000000000000130e-03 3.670384358495829780e+00
-3.821000000000000178e-03 3.110932790737499953e+00
2.827000000000000086e-03 3.097709143024999889e+00
6.882000000000000096e-03 3.932697512993330147e+00
-1.569299999999999862e-02 3.939983452114999896e+00
4.768999999999999802e-03 2.797186331386670055e+00
8.257000000000000450e-03 3.312606816262499976e+00
-5.657999999999999835e-03 2.607826392740829835e+00
3.884999999999999998e-03 4.100217209804170260e+00
4.917999999999999629e-03 3.210370848814580125e+00
