-8.935000000000000234e-03 3.233430677506670126e+00
-1.366000000000000027e-03 3.493417495317499899e+00
3.935000000000000130e-03 3.471100147984170103e+00
-3.821000000000000178e-03 3.063190989340829784e+00
2.827000000000000086e-03 2.874774386328330156e+00
6.882000000000000096e-03 3.247816749922499913e+00
-1.569299999999999862e-02 2.589181852388330096e+00
4.768999999999999802e-03 2.934541733082919990e+00
8.257000000000000450e-03 3.052105581597500006e+00
-5.657999999999999835e-03 3.091088901733329841e+00
3.884999999999999998e-03 3.366600399103329977e+00
4.917999999999999629e-03 2.999914926195000220e+00
