-2.033999999999999784e-03 2.511588017068330014e+00
1.448999999999999984e-03 2.430726634215830018e+00
2.469999999999999973e-03 2.968813010024169863e+00
-6.170000000000000137e-03 2.731528313290830123e+00
2.889999999999999774e-04 2.318019638991669851e+00
-1.317999999999999944e-03 2.317647794300830011e+00
-1.154000000000000078e-03 2.746812194639169924e+00
9.690000000000000262e-04 2.512724427256670001e+00
-5.550000000000000462e-04 2.631649450670829893e+00
2.638999999999999853e-03 2.678153099920829838e+00
8.729999999999999696e-04 2.952351001563330080e+00
2.541999999999999989e-03 2.363214412046669821e+00
