-2.033999999999999784e-03 2.615355698615000168e+00
1.448999999999999984e-03 2.704317027463329914e+00
2.469999999999999973e-03 3.120197699824169835e+00
-6.170000000000000137e-03 2.661497839056670145e+00
2.889999999999999774e-04 2.808643797939999853e+00
-1.317999999999999944e-03 2.649287264275829834e+00
-1.154000000000000078e-03 2.746812194639169924e+00
9.690000000000000262e-04 2.429781636614170015e+00
-5.550000000000000462e-04 2.631649450670829893e+00
2.638999999999999853e-03 2.934857571999169856e+00
8.729999999999999696e-04 2.885840342499169875e+00
2.541999999999999989e-03 2.761840708034999814e+00
