-1.247999999999999977e-03 2.615355698615000168e+00
2.308999999999999855e-03 2.704317027463329914e+00
-5.460999999999999709e-03 2.819612428781669955e+00
1.489000000000000089e-03 2.559527934735830179e+00
-5.550000000000000462e-04 2.357709953982499940e+00
4.377999999999999947e-03 2.549201570745830203e+00
7.889999999999999878e-04 2.835878956535830220e+00
-2.664000000000000135e-03 2.857424835184999790e+00
-5.164000000000000187e-03 2.555674054861249989e+00
5.289000000000000298e-03 2.678153099920829838e+00
2.194999999999999903e-03 2.475586401600000208e+00
-1.358000000000000049e-03 2.632013715937500109e+00
