-8.776000000000000814e-03 2.654003626677500005e+00
5.178000000000000311e-03 2.633600530389999861e+00
5.540999999999999918e-03 2.589181852388330096e+00
-1.928000000000000026e-03 2.423017778335830208e+00
3.242000000000000090e-03 2.848232117060829793e+00
3.801000000000000125e-03 2.480167664599170152e+00
-7.458000000000000219e-03 2.885840342499169875e+00
4.403999999999999929e-03 2.297986266580830161e+00
5.988000000000000267e-03 2.631649450670829893e+00
-7.287000000000000074e-03 2.878675966484169901e+00
1.528000000000000061e-03 2.475586401600000208e+00
-4.233999999999999916e-03 2.887873083694170173e+00
