-8.776000000000000814e-03 2.861578711234169958e+00
5.178000000000000311e-03 2.633600530389999861e+00
5.540999999999999918e-03 3.346187224156670137e+00
-1.928000000000000026e-03 2.626830755832500142e+00
3.242000000000000090e-03 2.910003366371670008e+00
3.801000000000000125e-03 2.480167664599170152e+00
-7.458000000000000219e-03 2.961506094162499991e+00
4.403999999999999929e-03 2.797186331386670055e+00
5.988000000000000267e-03 3.013554336649169940e+00
-7.287000000000000074e-03 3.649124527290830144e+00
1.528000000000000061e-03 3.064782091047499879e+00
-4.233999999999999916e-03 2.808643797939999853e+00
