8.229999999999999469e-04 3.585468473592499983e+00
-1.515000000000000071e-03 3.853854074026669796e+00
2.419000000000000143e-03 3.310803478648329801e+00
-1.330999999999999935e-03 3.644814572479170067e+00
-3.999999999999999819e-06 3.380474998865000025e+00
-4.262000000000000163e-03 3.932697512993330147e+00
1.840000000000000056e-03 3.346187224156670137e+00
2.965000000000000187e-03 3.880491689511670117e+00
-3.713999999999999854e-03 4.278090181324169627e+00
-5.649999999999999641e-04 3.807950787064999787e+00
2.994000000000000133e-03 3.802975839610000186e+00
3.490000000000000263e-04 3.679495149491669892e+00
