-1.546000000000000065e-03 2.568261339060830206e+00
5.259999999999999919e-03 2.311288980515000091e+00
1.859999999999999945e-04 3.036585112575830081e+00
-7.280000000000000230e-04 2.287867576024170013e+00
3.282000000000000195e-03 2.243391379300000210e+00
-4.079000000000000160e-03 3.159909139493750185e+00
-2.458999999999999814e-03 2.319846410246670043e+00
5.930999999999999640e-03 2.693615501634170073e+00
-3.380000000000000192e-03 3.013554336649169940e+00
-5.499000000000000415e-03 3.091088901733329841e+00
3.879000000000000069e-03 2.788383731072499927e+00
-8.469999999999999881e-04 2.324573183525830089e+00
