-4.266999999999999960e-03 3.015176532494169948e+00
1.789999999999999870e-04 2.885840342499169875e+00
5.011999999999999962e-03 2.883400558382500201e+00
-5.490000000000000088e-04 2.626830755832500142e+00
1.402999999999999950e-03 3.251443298889999944e+00
-4.146000000000000379e-03 2.920692407705829829e+00
-3.902999999999999785e-03 3.346187224156670137e+00
3.237999999999999993e-03 2.429781636614170015e+00
3.171000000000000207e-03 3.482246535817500099e+00
-5.753000000000000301e-03 3.477675110559169891e+00
-3.300000000000000253e-05 3.064782091047499879e+00
5.647000000000000110e-03 3.069846176671669813e+00
