6.426000000000000288e-03 3.585468473592499983e+00
2.105999999999999799e-03 3.666104361145829937e+00
-6.467999999999999791e-03 3.036585112575830081e+00
8.234000000000000000e-03 3.776588480504170064e+00
-1.122800000000000013e-02 3.097709143024999889e+00
-1.043499999999999983e-02 3.932697512993330147e+00
8.253999999999999185e-03 3.210439496352500033e+00
-5.019000000000000024e-03 3.215854378122500190e+00
-5.734000000000000381e-03 2.308312228881669981e+00
8.529000000000000123e-03 3.291367351920829964e+00
2.640000000000000202e-04 3.645774654929999858e+00
5.070999999999999987e-03 2.887873083694170173e+00
