-2.361200000000000104e-02 2.940510601260000190e+00
7.696999999999999849e-03 2.692087293404170190e+00
1.503400000000000049e-02 2.825533876036669945e+00
-1.422799999999999933e-02 2.747251415815000097e+00
7.290999999999999738e-03 2.874774386328330156e+00
9.192000000000000517e-03 3.252808126464170169e+00
-1.953399999999999928e-02 2.781334037115830160e+00
1.183599999999999930e-02 2.726517886825829962e+00
4.207999999999999935e-03 2.308312228881669981e+00
-1.489099999999999972e-02 2.920692407705829829e+00
1.114200000000000086e-02 2.638046463695829846e+00
5.865999999999999687e-03 2.942225368186670131e+00
