-2.361200000000000104e-02 3.585468473592499983e+00
7.696999999999999849e-03 3.432888597416670073e+00
1.503400000000000049e-02 3.422678836278330028e+00
-1.422799999999999933e-02 3.257677341010829952e+00
7.290999999999999738e-03 4.301069969247500069e+00
9.192000000000000517e-03 3.346187224156670137e+00
-1.953399999999999928e-02 3.646319843685000173e+00
1.183599999999999930e-02 3.531499054073329980e+00
4.207999999999999935e-03 2.887873083694170173e+00
-1.489099999999999972e-02 3.477675110559169891e+00
1.114200000000000086e-02 2.475586401600000208e+00
5.865999999999999687e-03 3.477675110559169891e+00
