-2.361200000000000104e-02 2.793218121180829794e+00
7.696999999999999849e-03 2.808643797939999853e+00
1.503400000000000049e-02 3.115562594936669871e+00
-1.422799999999999933e-02 2.589181852388330096e+00
7.290999999999999738e-03 3.155022974242499778e+00
9.192000000000000517e-03 3.019593411829999852e+00
-1.953399999999999928e-02 2.629654001907499872e+00
1.183599999999999930e-02 2.626259204186669916e+00
4.207999999999999935e-03 3.110932790737499953e+00
-1.489099999999999972e-02 2.718454609123329924e+00
1.114200000000000086e-02 2.640019347234169977e+00
5.865999999999999687e-03 3.117178811457499865e+00
