-1.247999999999999977e-03 2.861578711234169958e+00
8.959999999999999215e-03 3.432888597416670073e+00
5.745000000000000107e-03 3.310803478648329801e+00
-6.951999999999999846e-03 3.644814572479170067e+00
1.136000000000000074e-03 2.711261192726670100e+00
-2.498999999999999919e-03 2.920692407705829829e+00
3.100000000000000135e-05 3.646319843685000173e+00
-2.207000000000000194e-03 3.649124527290830144e+00
-4.470000000000000232e-04 3.482246535817500099e+00
-4.873999999999999860e-03 3.091088901733329841e+00
3.504999999999999869e-03 3.435653489584169940e+00
-1.149999999999999981e-03 3.333589427757500001e+00
