1.358200000000000032e-02 3.585468473592499983e+00
-4.146999999999999645e-03 3.554459934575830093e+00
-6.015999999999999646e-03 4.135179699128330277e+00
3.271000000000000036e-03 3.383480405599999852e+00
-9.500000000000000523e-05 3.807950787064999787e+00
-5.000000000000000104e-04 3.932697512993330147e+00
-4.229000000000000120e-03 5.013259555138329659e+00
-5.458000000000000178e-03 3.531499054073329980e+00
-2.344999999999999862e-03 3.776588480504170064e+00
2.513000000000000043e-03 4.009164337077920415e+00
3.780000000000000265e-04 4.052894267909169734e+00
3.046999999999999795e-03 3.592552239576670026e+00
