-2.920999999999999985e-03 4.477142684961670227e+00
-2.076999999999999853e-03 2.311288980515000091e+00
9.190000000000000252e-03 3.513360760031670083e+00
-2.527000000000000166e-03 3.110932790737499953e+00
-2.369000000000000012e-03 3.783358151691670113e+00
3.050999999999999893e-03 3.346187224156670137e+00
-8.767999999999999752e-03 3.710068789301669945e+00
6.099000000000000254e-03 3.023647238655000180e+00
-6.980000000000000527e-04 3.552326977578330158e+00
-3.959999999999999762e-04 2.607826392740829835e+00
5.699999999999999772e-04 2.885840342499169875e+00
8.469999999999999881e-04 3.210370848814580125e+00
