1.915999999999999951e-03 2.452747889534999892e+00
-8.809999999999999472e-04 2.885840342499169875e+00
-1.064000000000000059e-03 2.672968507864169840e+00
7.217000000000000325e-03 3.383480405599999852e+00
2.175999999999999983e-03 2.711261192726670100e+00
-1.984000000000000086e-03 2.649287264275829834e+00
2.165999999999999957e-03 2.463280187130830079e+00
-3.102999999999999856e-03 2.797186331386670055e+00
-2.821000000000000157e-03 3.110932790737499953e+00
1.820000000000000003e-03 3.091088901733329841e+00
-3.354999999999999909e-03 2.475586401600000208e+00
-2.086000000000000180e-03 3.477675110559169891e+00
