-7.079999999999999705e-04 2.568261339060830206e+00
3.846000000000000026e-03 3.029357258153329902e+00
7.169999999999999724e-04 2.731914790659169867e+00
-3.867000000000000211e-03 2.899860850240000065e+00
3.648999999999999900e-03 2.796095389295830014e+00
-1.281999999999999936e-03 2.865909612323330080e+00
1.900999999999999912e-03 2.925989392094999975e+00
-1.351999999999999903e-03 2.512724427256670001e+00
1.972999999999999927e-03 2.681045402138329870e+00
-1.879000000000000028e-03 2.782765976578330136e+00
-1.585999999999999953e-03 2.423662764087500143e+00
-1.410999999999999928e-03 2.474262205700000106e+00
