-7.079999999999999705e-04 3.015176532494169948e+00
3.846000000000000026e-03 3.100652486853329837e+00
7.169999999999999724e-04 3.173370239693329875e+00
-3.867000000000000211e-03 3.257677341010829952e+00
3.648999999999999900e-03 3.506392218752500067e+00
-1.281999999999999936e-03 3.346187224156670137e+00
1.900999999999999912e-03 3.210439496352500033e+00
-1.351999999999999903e-03 3.531499054073329980e+00
1.972999999999999927e-03 3.909846210603329819e+00
-1.879000000000000028e-03 2.607826392740829835e+00
-1.585999999999999953e-03 3.064782091047499879e+00
-1.410999999999999928e-03 2.887873083694170173e+00
