-7.079999999999999705e-04 2.697573116506669866e+00
3.846000000000000026e-03 3.029357258153329902e+00
7.169999999999999724e-04 2.504262895503329922e+00
-3.867000000000000211e-03 2.676928953899170072e+00
3.648999999999999900e-03 2.783856976945830120e+00
-1.281999999999999936e-03 2.850361196566669975e+00
1.900999999999999912e-03 2.624530291645830182e+00
-1.351999999999999903e-03 2.232839864690829845e+00
1.972999999999999927e-03 2.697573116506669866e+00
-1.879000000000000028e-03 2.491314450758329802e+00
-1.585999999999999953e-03 2.578106281888330020e+00
-1.410999999999999928e-03 2.689221729744169842e+00
