-8.599999999999999789e-04 2.654003626677500005e+00
-4.687000000000000194e-03 3.288397554711670168e+00
-1.825000000000000016e-03 2.589181852388330096e+00
-1.062000000000000010e-03 2.696385052234170132e+00
-7.330000000000000361e-04 3.016202241574169829e+00
1.069000000000000072e-03 2.317647794300830011e+00
2.557999999999999944e-03 2.319846410246670043e+00
-6.016999999999999779e-03 2.693615501634170073e+00
4.597999999999999657e-03 2.469620678989170148e+00
6.230000000000000294e-03 2.607826392740829835e+00
-9.759999999999999796e-04 2.603649359371670080e+00
1.704999999999999918e-03 2.604552662213329928e+00
