-8.599999999999999789e-04 2.568261339060830206e+00
-4.687000000000000194e-03 2.311288980515000091e+00
-1.825000000000000016e-03 2.466548709025830011e+00
-1.062000000000000010e-03 2.507884720399169876e+00
-7.330000000000000361e-04 2.357709953982499940e+00
1.069000000000000072e-03 2.649287264275829834e+00
2.557999999999999944e-03 2.463280187130830079e+00
-6.016999999999999779e-03 2.429781636614170015e+00
4.597999999999999657e-03 2.308312228881669981e+00
6.230000000000000294e-03 2.607826392740829835e+00
-9.759999999999999796e-04 2.603649359371670080e+00
1.704999999999999918e-03 2.474262205700000106e+00
