1.523999999999999964e-03 3.015176532494169948e+00
-4.560000000000000251e-04 3.288397554711670168e+00
-1.139999999999999954e-03 2.883400558382500201e+00
2.328000000000000208e-03 2.423017778335830208e+00
-1.417999999999999990e-03 3.380474998865000025e+00
1.116000000000000021e-03 3.159909139493750185e+00
-8.930000000000000221e-04 3.067902501211670074e+00
-1.083999999999999894e-03 2.934541733082919990e+00
-2.110000000000000059e-04 3.312606816262499976e+00
-3.499999999999999693e-05 3.091088901733329841e+00
1.598999999999999944e-03 2.678153099920829838e+00
-1.329000000000000103e-03 2.689221729744169842e+00
