6.217999999999999569e-03 3.169671990200829903e+00
-1.955999999999999839e-03 2.885840342499169875e+00
-2.095000000000000074e-03 3.310803478648329801e+00
3.660000000000000059e-03 2.626830755832500142e+00
2.834000000000000147e-03 2.496194736433329897e+00
-2.799999999999999755e-04 3.346187224156670137e+00
7.779999999999999589e-03 2.673386568951670039e+00
-5.425000000000000135e-03 2.934541733082919990e+00
1.662999999999999982e-03 2.887873083694170173e+00
-4.369999999999999753e-03 3.291367351920829964e+00
-4.309000000000000330e-03 3.184694893079170086e+00
-3.720999999999999915e-03 2.689221729744169842e+00
