-2.028999999999999988e-03 3.015176532494169948e+00
1.596999999999999895e-03 3.288397554711670168e+00
4.350000000000000026e-04 3.310803478648329801e+00
-5.298999999999999891e-03 4.052894267909169734e+00
3.380000000000000192e-03 2.910003366371670008e+00
1.583999999999999905e-03 3.526920076280830152e+00
-2.742000000000000080e-03 3.346187224156670137e+00
1.510999999999999973e-03 3.448449969940829973e+00
6.158000000000000279e-03 3.630449961232499856e+00
-4.076999999999999895e-03 3.649124527290830144e+00
1.289999999999999914e-03 2.885840342499169875e+00
-1.807999999999999928e-03 3.210370848814580125e+00
