-2.028999999999999988e-03 3.844232197199170198e+00
1.596999999999999895e-03 3.666104361145829937e+00
4.350000000000000026e-04 3.173370239693329875e+00
-5.298999999999999891e-03 3.776588480504170064e+00
3.380000000000000192e-03 2.910003366371670008e+00
1.583999999999999905e-03 3.346187224156670137e+00
-2.742000000000000080e-03 2.673386568951670039e+00
1.510999999999999973e-03 2.797186331386670055e+00
6.158000000000000279e-03 2.887873083694170173e+00
-4.076999999999999895e-03 3.291367351920829964e+00
1.289999999999999914e-03 3.184694893079170086e+00
-1.807999999999999928e-03 3.477675110559169891e+00
