-4.773999999999999598e-03 3.169671990200829903e+00
2.335999999999999969e-03 2.311288980515000091e+00
4.797000000000000049e-03 2.589181852388330096e+00
-3.609999999999999928e-04 3.895020552933329938e+00
-1.052999999999999900e-03 3.097709143024999889e+00
2.467000000000000009e-03 3.069072470875830128e+00
-2.900999999999999933e-03 3.067902501211670074e+00
-5.940000000000000184e-04 3.023647238655000180e+00
6.199999999999999999e-04 3.110932790737499953e+00
-2.397999999999999958e-03 3.091088901733329841e+00
3.553999999999999868e-03 3.382167333160829958e+00
-1.693999999999999976e-03 2.808643797939999853e+00
