-4.773999999999999598e-03 3.015176532494169948e+00
2.335999999999999969e-03 3.100652486853329837e+00
4.797000000000000049e-03 2.775401040593330038e+00
-3.609999999999999928e-04 3.110932790737499953e+00
-1.052999999999999900e-03 2.910003366371670008e+00
2.467000000000000009e-03 2.808643797939999853e+00
-2.900999999999999933e-03 3.067902501211670074e+00
-5.940000000000000184e-04 3.140546084757500189e+00
6.199999999999999999e-04 2.887873083694170173e+00
-2.397999999999999958e-03 4.009164337077920415e+00
3.553999999999999868e-03 2.952351001563330080e+00
-1.693999999999999976e-03 3.136782875271669990e+00
