4.066000000000000170e-03 3.093129878573329883e+00
-8.379999999999999862e-04 3.001973113065830034e+00
-5.510000000000000141e-03 2.933572266770830161e+00
1.882999999999999908e-03 3.110932790737499953e+00
8.800000000000000313e-04 3.016202241574169829e+00
-4.193999999999999811e-03 2.920692407705829829e+00
4.749999999999999990e-04 2.781334037115830160e+00
-4.030999999999999861e-03 3.776588480504170064e+00
8.450000000000000479e-04 3.312606816262499976e+00
4.324999999999999852e-03 3.291367351920829964e+00
8.509999999999999769e-04 3.531499054073329980e+00
1.245999999999999929e-03 3.069846176671669813e+00
