-4.505000000000000324e-03 2.534946520686669924e+00
1.260999999999999968e-03 2.833800593516670130e+00
2.759999999999999867e-04 2.731914790659169867e+00
-4.767000000000000404e-03 2.882718691735000061e+00
2.080999999999999951e-03 2.591094991454999885e+00
1.150999999999999896e-03 2.774105251354169965e+00
-6.790000000000000245e-04 2.488946578328329995e+00
-5.000000000000000240e-05 2.855779246456669807e+00
2.327000000000000075e-03 2.684145415040000149e+00
-2.069000000000000093e-03 2.507794758562500004e+00
2.245000000000000034e-03 2.769922615086669815e+00
2.727999999999999956e-03 2.639178603458330219e+00
