-4.505000000000000324e-03 2.534946520686669924e+00
1.260999999999999968e-03 3.219537016899169934e+00
2.759999999999999867e-04 3.086666985392500173e+00
-4.767000000000000404e-03 2.905082915247500175e+00
2.080999999999999951e-03 2.885113593357500061e+00
1.150999999999999896e-03 2.745468116239170087e+00
-6.790000000000000245e-04 2.508423063531670216e+00
-5.000000000000000240e-05 2.747689025101669902e+00
2.327000000000000075e-03 2.684145415040000149e+00
-2.069000000000000093e-03 2.934857571999169856e+00
2.245000000000000034e-03 2.989907008837500157e+00
2.727999999999999956e-03 2.582806683254999847e+00
