-4.505000000000000324e-03 2.902551942271669905e+00
1.260999999999999968e-03 3.183044501634999968e+00
2.759999999999999867e-04 3.346187224156670137e+00
-4.767000000000000404e-03 3.023244855432499989e+00
2.080999999999999951e-03 3.190166098921670024e+00
1.150999999999999896e-03 2.745468116239170087e+00
-6.790000000000000245e-04 2.377569161194169833e+00
-5.000000000000000240e-05 2.998831800915830126e+00
2.327000000000000075e-03 2.499396536429169924e+00
-2.069000000000000093e-03 3.156252686062499979e+00
2.245000000000000034e-03 2.846777404178329807e+00
2.727999999999999956e-03 2.755684315536670148e+00
