6.620000000000000450e-04 2.861578711234169958e+00
7.820000000000000345e-04 3.001973113065830034e+00
1.170000000000000033e-03 3.100652486853329837e+00
-9.120000000000000502e-04 3.110932790737499953e+00
-4.621000000000000107e-03 3.016202241574169829e+00
-3.429999999999999889e-03 3.069072470875830128e+00
-3.429999999999999889e-04 2.961506094162499991e+00
3.282000000000000195e-03 3.091088901733329841e+00
-6.419000000000000226e-03 3.110932790737499953e+00
7.672000000000000000e-03 2.607826392740829835e+00
-2.820000000000000024e-03 3.435653489584169940e+00
4.977999999999999786e-03 2.969677835105830166e+00
