-9.899999999999999404e-05 3.093129878573329883e+00
-2.694000000000000214e-03 3.198459249767500179e+00
1.830000000000000029e-03 2.775401040593330038e+00
-4.721999999999999635e-03 2.696385052234170132e+00
-1.984999999999999785e-03 3.097709143024999889e+00
1.600000000000000077e-03 3.069072470875830128e+00
2.972999999999999948e-03 2.319846410246670043e+00
2.812999999999999962e-03 2.885840342499169875e+00
-4.321000000000000188e-03 2.631649450670829893e+00
-1.304000000000000038e-03 2.718454609123329924e+00
3.725000000000000012e-03 2.952351001563330080e+00
2.184000000000000177e-03 3.069846176671669813e+00
