-8.040000000000000271e-04 3.015176532494169948e+00
2.576000000000000165e-03 2.633600530389999861e+00
-2.086999999999999880e-03 2.883400558382500201e+00
-9.449999999999999850e-04 2.952689113646670194e+00
-3.743999999999999932e-03 2.910003366371670008e+00
4.199999999999999768e-05 2.317647794300830011e+00
1.497999999999999983e-03 2.673386568951670039e+00
2.889999999999999774e-04 2.934541733082919990e+00
3.302999999999999946e-03 2.631649450670829893e+00
6.520000000000000188e-04 2.878675966484169901e+00
-3.382000000000000024e-03 2.475586401600000208e+00
2.602000000000000146e-03 2.689221729744169842e+00
