-1.887000000000000005e-03 3.015176532494169948e+00
-3.586000000000000212e-03 3.853854074026669796e+00
-2.619999999999999933e-03 3.550964612925830099e+00
5.096999999999999968e-03 3.063190989340829784e+00
3.080000000000000055e-04 3.251443298889999944e+00
2.429999999999999977e-04 3.272719868867500104e+00
4.399999999999999886e-05 2.885840342499169875e+00
-1.673000000000000008e-03 3.388593771710000091e+00
2.610000000000000015e-04 3.215854378122500190e+00
-1.309999999999999967e-03 2.972576940943330026e+00
4.651999999999999885e-03 3.491849078750000057e+00
4.699999999999999859e-04 3.333589427757500001e+00
