2.723000000000000160e-03 2.861578711234169958e+00
-5.810000000000000277e-04 2.633600530389999861e+00
-2.990000000000000036e-04 3.173370239693329875e+00
1.250000000000000026e-04 3.110932790737499953e+00
-1.907999999999999974e-03 2.711261192726670100e+00
2.259999999999999910e-04 3.159909139493750185e+00
1.507000000000000093e-03 2.673386568951670039e+00
-1.843000000000000020e-03 2.429781636614170015e+00
-4.979999999999999618e-04 2.308312228881669981e+00
-1.051000000000000068e-03 3.291367351920829964e+00
3.299999999999999982e-04 2.475586401600000208e+00
1.270999999999999994e-03 3.210370848814580125e+00
