-1.064400000000000068e-02 3.321491868097500078e+00
2.596999999999999916e-03 2.885840342499169875e+00
5.016999999999999758e-03 2.883400558382500201e+00
-2.003000000000000006e-03 2.952689113646670194e+00
3.924999999999999670e-03 3.097709143024999889e+00
6.027000000000000239e-03 3.526920076280830152e+00
-8.470999999999999364e-03 3.210439496352500033e+00
-6.040000000000000447e-04 2.797186331386670055e+00
5.669999999999999693e-03 3.110932790737499953e+00
-1.137499999999999969e-02 3.091088901733329841e+00
5.314000000000000147e-03 2.475586401600000208e+00
4.547999999999999959e-03 2.887873083694170173e+00
