-1.064400000000000068e-02 2.452747889534999892e+00
2.596999999999999916e-03 3.198459249767500179e+00
5.016999999999999758e-03 2.933572266770830161e+00
-2.003000000000000006e-03 3.063190989340829784e+00
3.924999999999999670e-03 3.097709143024999889e+00
6.027000000000000239e-03 2.808643797939999853e+00
-8.470999999999999364e-03 3.067902501211670074e+00
-6.040000000000000447e-04 2.429781636614170015e+00
5.669999999999999693e-03 2.469620678989170148e+00
-1.137499999999999969e-02 2.878675966484169901e+00
5.314000000000000147e-03 2.952351001563330080e+00
4.547999999999999959e-03 3.136782875271669990e+00
