-9.489999999999999738e-04 2.654003626677500005e+00
-7.249999999999999500e-04 2.885840342499169875e+00
2.380000000000000171e-03 3.036585112575830081e+00
6.520000000000000188e-04 2.423017778335830208e+00
-3.936000000000000262e-03 2.910003366371670008e+00
1.608999999999999970e-03 2.808643797939999853e+00
-1.611999999999999935e-03 2.319846410246670043e+00
8.679999999999999565e-04 2.693615501634170073e+00
-9.300000000000000541e-04 2.308312228881669981e+00
3.445999999999999844e-03 2.445643564935000125e+00
5.850000000000000165e-04 3.323327811357500217e+00
-1.386999999999999995e-03 2.808643797939999853e+00
