1.320999999999999909e-03 2.598099154894999874e+00
1.069999999999999988e-03 2.547896569179170179e+00
-3.340000000000000087e-03 2.633325769348330070e+00
1.920000000000000049e-04 2.657284701937499882e+00
4.342000000000000373e-03 2.575344119478330196e+00
6.080000000000000335e-04 2.774970652150829942e+00
4.369999999999999970e-04 2.511803401541670144e+00
-3.284000000000000027e-03 2.886249644680829896e+00
1.771999999999999921e-03 2.529297295644170163e+00
2.490000000000000026e-03 2.718454609123329924e+00
-6.577999999999999646e-03 2.615942333617499838e+00
9.700000000000000505e-04 2.384975259560000005e+00
