1.320999999999999909e-03 2.793218121180829794e+00
1.069999999999999988e-03 2.827492536619169883e+00
-3.340000000000000087e-03 3.226828308546669799e+00
1.920000000000000049e-04 2.808643797939999853e+00
4.342000000000000373e-03 2.357709953982499940e+00
6.080000000000000335e-04 3.038116324811670044e+00
4.369999999999999970e-04 2.781334037115830160e+00
-3.284000000000000027e-03 3.487731258540000212e+00
1.771999999999999921e-03 3.419091967631669782e+00
2.490000000000000026e-03 3.091088901733329841e+00
-6.577999999999999646e-03 2.764557671674999995e+00
9.700000000000000505e-04 2.969677835105830166e+00
