1.320999999999999909e-03 2.452747889534999892e+00
1.069999999999999988e-03 2.474262205700000106e+00
-3.340000000000000087e-03 2.362728101793329927e+00
1.920000000000000049e-04 2.673386568951670039e+00
4.342000000000000373e-03 2.848232117060829793e+00
6.080000000000000335e-04 2.317647794300830011e+00
4.369999999999999970e-04 2.536010068907919912e+00
-3.284000000000000027e-03 2.251544060920830148e+00
1.771999999999999921e-03 2.887873083694170173e+00
2.490000000000000026e-03 2.380319232107499960e+00
-6.577999999999999646e-03 2.430169277362080216e+00
9.700000000000000505e-04 2.533613390202920090e+00
