1.320999999999999909e-03 2.617512338994170129e+00
1.069999999999999988e-03 2.449220647493330016e+00
-3.340000000000000087e-03 2.608989490238330156e+00
1.920000000000000049e-04 2.743623588774169786e+00
4.342000000000000373e-03 2.575344119478330196e+00
6.080000000000000335e-04 2.723271813252500007e+00
4.369999999999999970e-04 2.609277411294169902e+00
-3.284000000000000027e-03 2.708188939616670066e+00
1.771999999999999921e-03 2.679039357521669995e+00
2.490000000000000026e-03 2.718454609123329924e+00
-6.577999999999999646e-03 2.538863866220829824e+00
9.700000000000000505e-04 2.384975259560000005e+00
