1.320999999999999909e-03 2.452747889534999892e+00
1.069999999999999988e-03 2.633600530389999861e+00
-3.340000000000000087e-03 2.362728101793329927e+00
1.920000000000000049e-04 2.475586401600000208e+00
4.342000000000000373e-03 2.626259204186669916e+00
6.080000000000000335e-04 2.480167664599170152e+00
4.369999999999999970e-04 2.536010068907919912e+00
-3.284000000000000027e-03 2.251544060920830148e+00
1.771999999999999921e-03 3.013554336649169940e+00
2.490000000000000026e-03 2.380319232107499960e+00
-6.577999999999999646e-03 2.559988916058329789e+00
9.700000000000000505e-04 2.533613390202920090e+00
