1.320999999999999909e-03 2.901383918755000124e+00
1.069999999999999988e-03 2.449220647493330016e+00
-3.340000000000000087e-03 2.705325262880830195e+00
1.920000000000000049e-04 2.873886399372500122e+00
4.342000000000000373e-03 2.786843121922499833e+00
6.080000000000000335e-04 2.723271813252500007e+00
4.369999999999999970e-04 2.709619024943330068e+00
-3.284000000000000027e-03 2.860951403028329842e+00
1.771999999999999921e-03 2.698412941512500218e+00
2.490000000000000026e-03 2.878675966484169901e+00
-6.577999999999999646e-03 2.630226665183330148e+00
9.700000000000000505e-04 2.763174594729170153e+00
