-6.066000000000000211e-03 2.654003626677500005e+00
2.062000000000000031e-03 3.001973113065830034e+00
-1.990000000000000124e-04 2.933572266770830161e+00
2.936999999999999941e-03 2.287867576024170013e+00
2.717999999999999930e-03 2.626259204186669916e+00
-2.719000000000000063e-03 3.069072470875830128e+00
-1.507000000000000093e-03 2.781334037115830160e+00
2.452999999999999885e-03 3.023647238655000180e+00
2.142999999999999940e-03 2.887873083694170173e+00
-1.891000000000000103e-03 3.188253416951670083e+00
1.722999999999999922e-03 2.678153099920829838e+00
-1.654000000000000088e-03 2.887873083694170173e+00
