1.152000000000000029e-03 2.568261339060830206e+00
1.577999999999999976e-03 2.885840342499169875e+00
2.028999999999999988e-03 2.883400558382500201e+00
-5.607000000000000005e-03 2.808643797939999853e+00
3.173000000000000039e-03 2.910003366371670008e+00
-4.818000000000000234e-03 2.649287264275829834e+00
-2.070999999999999924e-03 2.673386568951670039e+00
2.785999999999999848e-03 2.429781636614170015e+00
-5.569999999999999864e-04 3.013554336649169940e+00
-1.167000000000000069e-03 2.878675966484169901e+00
2.645000000000000216e-03 3.323327811357500217e+00
8.559999999999999901e-04 2.969677835105830166e+00
