-4.858999999999999604e-03 2.654003626677500005e+00
-9.840000000000000656e-04 3.038116324811670044e+00
3.132999999999999934e-03 2.589181852388330096e+00
-1.147000000000000016e-03 2.952689113646670194e+00
2.438000000000000063e-03 2.439146018250830217e+00
2.435000000000000098e-03 3.089406691767500046e+00
-5.720000000000000258e-03 2.820009563544580100e+00
-1.307000000000000002e-03 3.001973113065830034e+00
2.716999999999999797e-03 2.537627368103330117e+00
-6.150000000000000085e-03 2.654291037824170196e+00
6.259999999999999939e-03 2.475586401600000208e+00
3.186000000000000030e-03 3.411973101375830097e+00
