-6.067999999999999609e-03 2.654003626677500005e+00
6.420000000000000359e-03 3.100652486853329837e+00
3.810000000000000019e-03 2.883400558382500201e+00
-8.333999999999999395e-03 2.626830755832500142e+00
5.500000000000000196e-05 2.910003366371670008e+00
2.628000000000000128e-03 2.920692407705829829e+00
-6.696999999999999828e-03 3.210439496352500033e+00
3.240999999999999957e-03 3.091088901733329841e+00
-7.799999999999999859e-05 3.312606816262499976e+00
3.703000000000000128e-03 2.289589200871669838e+00
-6.049999999999999606e-04 2.885840342499169875e+00
1.925999999999999978e-03 2.887873083694170173e+00
