-6.067999999999999609e-03 3.015176532494169948e+00
6.420000000000000359e-03 3.288397554711670168e+00
3.810000000000000019e-03 3.310803478648329801e+00
-8.333999999999999395e-03 2.626830755832500142e+00
5.500000000000000196e-05 3.097709143024999889e+00
2.628000000000000128e-03 2.920692407705829829e+00
-6.696999999999999828e-03 2.463280187130830079e+00
3.240999999999999957e-03 3.531499054073329980e+00
-7.799999999999999859e-05 3.110932790737499953e+00
3.703000000000000128e-03 3.291367351920829964e+00
-6.049999999999999606e-04 3.184694893079170086e+00
1.925999999999999978e-03 2.689221729744169842e+00
