-6.067999999999999609e-03 3.093129878573329883e+00
6.420000000000000359e-03 2.885840342499169875e+00
3.810000000000000019e-03 2.883400558382500201e+00
-8.333999999999999395e-03 2.696385052234170132e+00
5.500000000000000196e-05 2.496194736433329897e+00
2.628000000000000128e-03 3.069072470875830128e+00
-6.696999999999999828e-03 2.961506094162499991e+00
3.240999999999999957e-03 2.512724427256670001e+00
-7.799999999999999859e-05 2.631649450670829893e+00
3.703000000000000128e-03 2.878675966484169901e+00
-6.049999999999999606e-04 2.788383731072499927e+00
1.925999999999999978e-03 2.604552662213329928e+00
