1.267000000000000071e-02 2.861578711234169958e+00
-4.488999999999999935e-03 2.885840342499169875e+00
-3.174999999999999871e-03 2.883400558382500201e+00
6.577000000000000381e-03 3.257677341010829952e+00
-2.367000000000000180e-03 2.910003366371670008e+00
-6.440999999999999677e-03 2.920692407705829829e+00
1.057499999999999933e-02 3.210439496352500033e+00
-2.566000000000000138e-03 3.448449969940829973e+00
-5.582000000000000156e-03 2.887873083694170173e+00
3.967000000000000040e-03 3.649124527290830144e+00
-8.271000000000000574e-03 3.323327811357500217e+00
-8.989999999999999511e-04 3.069846176671669813e+00
