2.524999999999999901e-03 2.700927119856670000e+00
-5.159000000000000391e-03 2.551140727120829954e+00
-8.642999999999999641e-03 2.825533876036669945e+00
1.101999999999999898e-03 2.480724206057499881e+00
1.804999999999999964e-03 2.590395236277919899e+00
-4.328000000000000250e-03 2.774538743397500173e+00
1.100699999999999942e-02 2.553495507029170053e+00
1.753000000000000001e-03 2.661734979609999829e+00
2.820000000000000241e-04 2.380654710124169959e+00
3.612999999999999892e-03 2.658707669770830062e+00
-2.760999999999999999e-03 2.736768768465830171e+00
-1.196000000000000014e-03 2.647095171330000163e+00
