-2.203000000000000097e-03 3.844232197199170198e+00
-5.820000000000000520e-04 2.633600530389999861e+00
1.621999999999999961e-03 3.310803478648329801e+00
1.165000000000000020e-03 3.257677341010829952e+00
-1.284999999999999901e-03 3.895020552933329938e+00
-3.141000000000000129e-03 4.247490107064169962e+00
6.960000000000000041e-04 3.646319843685000173e+00
6.054999999999999619e-03 2.626259204186669916e+00
-2.831000000000000183e-03 2.887873083694170173e+00
2.033000000000000085e-03 3.649124527290830144e+00
-2.088000000000000012e-03 3.721864029499169835e+00
5.590000000000000351e-04 3.679495149491669892e+00
