1.495000000000000018e-03 2.654003626677500005e+00
-4.379000000000000080e-03 2.885840342499169875e+00
-4.903000000000000240e-03 3.173370239693329875e+00
4.055999999999999710e-03 2.952689113646670194e+00
-4.694000000000000256e-03 2.711261192726670100e+00
-2.295999999999999864e-03 2.920692407705829829e+00
-1.059000000000000045e-03 3.346187224156670137e+00
1.472999999999999917e-03 2.934541733082919990e+00
7.122999999999999991e-03 2.887873083694170173e+00
1.711999999999999980e-03 3.477675110559169891e+00
1.495000000000000018e-03 2.475586401600000208e+00
-2.300000000000000002e-05 2.887873083694170173e+00
