1.092300000000000042e-02 4.580473569325829608e+00
-2.054999999999999969e-03 2.885840342499169875e+00
-6.884000000000000362e-03 3.310803478648329801e+00
7.300000000000000065e-03 3.644814572479170067e+00
1.716999999999999993e-03 3.251443298889999944e+00
-9.509000000000000091e-03 2.920692407705829829e+00
6.383999999999999918e-03 3.495623166204170129e+00
-2.389000000000000064e-03 2.934541733082919990e+00
-1.716000000000000077e-03 2.631649450670829893e+00
6.326000000000000026e-03 4.009164337077920415e+00
-3.911000000000000414e-03 3.064782091047499879e+00
-6.185999999999999659e-03 3.592552239576670026e+00
