1.092300000000000042e-02 2.654003626677500005e+00
-2.054999999999999969e-03 3.666104361145829937e+00
-6.884000000000000362e-03 3.670384358495829780e+00
7.300000000000000065e-03 3.110932790737499953e+00
1.716999999999999993e-03 3.380474998865000025e+00
-9.509000000000000091e-03 3.932697512993330147e+00
6.383999999999999918e-03 3.646319843685000173e+00
-2.389000000000000064e-03 3.531499054073329980e+00
-1.716000000000000077e-03 3.776588480504170064e+00
6.326000000000000026e-03 3.807950787064999787e+00
-3.911000000000000414e-03 3.435653489584169940e+00
-6.185999999999999659e-03 3.333589427757500001e+00
