-2.334999999999999836e-03 2.861578711234169958e+00
1.338999999999999913e-03 2.474262205700000106e+00
3.863000000000000114e-03 2.589181852388330096e+00
-3.870000000000000176e-03 2.952689113646670194e+00
3.856000000000000053e-03 2.848232117060829793e+00
-3.555000000000000000e-03 2.480167664599170152e+00
1.866999999999999953e-03 3.067902501211670074e+00
-5.220000000000000031e-04 2.693615501634170073e+00
-2.400000000000000061e-04 3.013554336649169940e+00
-5.348999999999999588e-03 2.718454609123329924e+00
3.200999999999999852e-03 2.678153099920829838e+00
1.744000000000000107e-03 3.136782875271669990e+00
