2.765999999999999796e-03 2.654003626677500005e+00
-2.668999999999999932e-03 3.100652486853329837e+00
-6.489999999999999459e-04 3.513360760031670083e+00
-3.465000000000000198e-03 3.257677341010829952e+00
-1.456999999999999962e-03 2.243391379300000210e+00
-2.015999999999999997e-03 2.317647794300830011e+00
2.024000000000000191e-03 2.232839864690829845e+00
-1.592000000000000099e-03 2.626259204186669916e+00
4.099999999999999912e-04 2.308312228881669981e+00
2.390000000000000089e-04 3.091088901733329841e+00
2.654999999999999808e-03 2.885840342499169875e+00
3.753999999999999958e-03 2.474262205700000106e+00
