1.247000000000000062e-03 2.861578711234169958e+00
4.942000000000000212e-03 2.311288980515000091e+00
1.036999999999999944e-03 3.036585112575830081e+00
-2.994000000000000133e-03 3.511233145875829909e+00
3.608000000000000096e-03 2.496194736433329897e+00
-1.152999999999999945e-03 2.649287264275829834e+00
-1.961000000000000069e-03 3.346187224156670137e+00
6.581000000000000044e-03 3.215854378122500190e+00
-3.671999999999999917e-03 2.887873083694170173e+00
-5.395999999999999755e-03 3.477675110559169891e+00
-5.190000000000000386e-04 3.064782091047499879e+00
-1.721000000000000090e-03 2.474262205700000106e+00
