7.546999999999999889e-03 3.169671990200829903e+00
-1.443000000000000055e-03 2.633600530389999861e+00
-4.550000000000000225e-03 3.036585112575830081e+00
7.849999999999999990e-04 3.110932790737499953e+00
-4.721999999999999635e-03 2.243391379300000210e+00
-4.611999999999999780e-03 3.159909139493750185e+00
4.512999999999999651e-03 3.210439496352500033e+00
-2.020000000000000094e-03 2.626259204186669916e+00
-3.589999999999999875e-03 3.312606816262499976e+00
8.656999999999999765e-03 2.878675966484169901e+00
-1.778999999999999982e-03 2.475586401600000208e+00
1.214999999999999934e-03 2.689221729744169842e+00
