-4.826000000000000428e-03 3.246110927219170161e+00
1.118599999999999976e-02 3.100652486853329837e+00
7.936999999999999611e-03 3.240785446584169893e+00
-1.404099999999999966e-02 3.585468473592499983e+00
1.076200000000000073e-02 3.506392218752500067e+00
3.471999999999999826e-03 2.808643797939999853e+00
-1.608100000000000154e-02 3.939983452114999896e+00
1.355699999999999961e-02 3.333589427757500001e+00
-2.393999999999999861e-03 3.215854378122500190e+00
-1.756699999999999928e-02 2.878675966484169901e+00
1.765999999999999992e-03 2.788383731072499927e+00
6.229000000000000162e-03 3.069846176671669813e+00
