-4.826000000000000428e-03 3.321491868097500078e+00
1.118599999999999976e-02 3.432888597416670073e+00
7.936999999999999611e-03 3.310803478648329801e+00
-1.404099999999999966e-02 3.383480405599999852e+00
1.076200000000000073e-02 3.506392218752500067e+00
3.471999999999999826e-03 3.806315235661669849e+00
-1.608100000000000154e-02 3.210439496352500033e+00
1.355699999999999961e-02 3.215854378122500190e+00
-2.393999999999999861e-03 3.630449961232499856e+00
-1.756699999999999928e-02 3.291367351920829964e+00
1.765999999999999992e-03 3.645774654929999858e+00
6.229000000000000162e-03 3.592552239576670026e+00
