-4.826000000000000428e-03 2.912275816651670013e+00
1.118599999999999976e-02 3.288397554711670168e+00
7.936999999999999611e-03 4.046421201657500077e+00
-1.404099999999999966e-02 3.184694893079170086e+00
1.076200000000000073e-02 3.617742732074999967e+00
3.471999999999999826e-03 3.617742732074999967e+00
-1.608100000000000154e-02 3.346187224156670137e+00
1.355699999999999961e-02 3.726146698654170031e+00
-2.393999999999999861e-03 3.842471315285830080e+00
-1.756699999999999928e-02 3.091088901733329841e+00
1.765999999999999992e-03 3.775226585093330200e+00
6.229000000000000162e-03 3.880491689511670117e+00
