-2.952000000000000197e-03 2.654003626677500005e+00
2.177999999999999815e-03 2.765161098790000160e+00
2.935999999999999808e-03 3.036585112575830081e+00
4.168999999999999963e-03 2.808643797939999853e+00
-7.889999999999999878e-04 2.626259204186669916e+00
4.161999999999999901e-03 2.920692407705829829e+00
-1.610000000000000103e-04 3.346187224156670137e+00
-6.106999999999999582e-03 2.693615501634170073e+00
2.367000000000000180e-03 2.887873083694170173e+00
-4.094000000000000417e-03 2.972576940943330026e+00
-4.732000000000000095e-03 3.184694893079170086e+00
3.021999999999999947e-03 2.969677835105830166e+00
