3.250999999999999984e-03 2.529297295644170163e+00
1.082000000000000062e-03 2.567688199874170074e+00
1.484999999999999992e-03 2.551741391594169794e+00
4.180000000000000230e-04 2.676682615904169893e+00
-1.106999999999999911e-03 2.884870359229999792e+00
-4.031999999999999994e-03 3.020362017143329858e+00
-2.456999999999999983e-03 2.732069018224999812e+00
5.689999999999999529e-04 3.160162082398330075e+00
2.919999999999999853e-03 3.418361571161669943e+00
1.178000000000000011e-03 3.006882586412499947e+00
-3.801000000000000125e-03 3.252064703083330066e+00
4.929999999999999487e-04 2.763174594729170153e+00
