3.250999999999999984e-03 3.015176532494169948e+00
1.082000000000000062e-03 2.474262205700000106e+00
1.484999999999999992e-03 2.752191217472499840e+00
4.180000000000000230e-04 2.893165759816669791e+00
-1.106999999999999911e-03 2.655388722875000163e+00
-4.031999999999999994e-03 3.254884356578750193e+00
-2.456999999999999983e-03 2.635566075550829890e+00
5.689999999999999529e-04 2.892101740358330009e+00
2.919999999999999853e-03 2.964945754224999952e+00
1.178000000000000011e-03 3.389844644076669855e+00
-3.801000000000000125e-03 2.615942333617499838e+00
4.929999999999999487e-04 2.528375025735829951e+00
