-3.562000000000000062e-03 3.455872847469169784e+00
1.139000000000000038e-03 3.100652486853329837e+00
1.363999999999999978e-03 3.513360760031670083e+00
-5.619999999999999996e-04 3.644814572479170067e+00
-1.629000000000000023e-03 3.506392218752500067e+00
3.542000000000000010e-03 3.526920076280830152e+00
-3.468000000000000162e-03 3.210439496352500033e+00
-1.988000000000000184e-03 3.726146698654170031e+00
2.063000000000000164e-03 4.052894267909169734e+00
1.864999999999999904e-03 3.091088901733329841e+00
8.779999999999999827e-04 3.064782091047499879e+00
3.600000000000000227e-04 2.887873083694170173e+00
