-4.135999999999999920e-03 2.782491664247499941e+00
5.133999999999999675e-03 2.512724427256670001e+00
3.278999999999999797e-03 2.775401040593330038e+00
-6.706000000000000155e-03 2.661497839056670145e+00
1.260999999999999968e-03 2.808643797939999853e+00
2.308999999999999855e-03 3.038116324811670044e+00
-8.600000000000000331e-05 2.463280187130830079e+00
-1.299999999999999920e-05 2.726517886825829962e+00
2.644000000000000083e-03 2.887873083694170173e+00
-4.791000000000000120e-03 2.678153099920829838e+00
-3.300000000000000253e-05 2.559988916058329789e+00
1.137999999999999906e-03 2.848232117060829793e+00
