-1.265999999999999981e-03 2.912275816651670013e+00
3.266999999999999939e-03 2.765161098790000160e+00
9.520000000000000467e-04 2.775401040593330038e+00
-1.101999999999999898e-03 2.507884720399169876e+00
3.029999999999999924e-04 2.496194736433329897e+00
-4.383999999999999876e-03 3.272719868867500104e+00
-4.300000000000000003e-03 2.589181852388330096e+00
-1.417000000000000074e-03 2.297986266580830161e+00
2.023000000000000059e-03 2.469620678989170148e+00
3.567999999999999991e-03 2.607826392740829835e+00
2.165999999999999957e-03 2.788383731072499927e+00
1.910000000000000077e-04 2.689221729744169842e+00
