3.422999999999999828e-03 2.452747889534999892e+00
1.900000000000000105e-05 3.666104361145829937e+00
2.423999999999999939e-03 3.759098109651669795e+00
7.360000000000000006e-04 3.257677341010829952e+00
-1.252999999999999991e-03 3.617742732074999967e+00
-6.829000000000000001e-03 3.159909139493750185e+00
5.609999999999999752e-04 3.346187224156670137e+00
-2.507999999999999813e-03 3.333589427757500001e+00
5.069999999999999637e-04 3.630449961232499856e+00
1.557999999999999923e-03 3.091088901733329841e+00
8.310000000000000329e-04 3.064782091047499879e+00
5.310000000000000050e-04 3.210370848814580125e+00
