-6.283000000000000390e-03 2.861578711234169958e+00
-4.000000000000000327e-05 3.288397554711670168e+00
1.948999999999999995e-03 3.310803478648329801e+00
-7.674000000000000266e-03 3.895020552933329938e+00
4.105000000000000142e-03 3.617742732074999967e+00
1.567999999999999949e-03 3.346187224156670137e+00
-1.730000000000000038e-04 2.885840342499169875e+00
6.149999999999999868e-04 3.091088901733329841e+00
3.599000000000000202e-03 3.110932790737499953e+00
2.099000000000000171e-03 3.807950787064999787e+00
-1.382999999999999898e-03 3.064782091047499879e+00
1.618999999999999996e-03 3.477675110559169891e+00
