-9.939999999999999183e-03 3.169671990200829903e+00
-3.615999999999999857e-03 3.100652486853329837e+00
3.665999999999999988e-03 2.672968507864169840e+00
-4.954000000000000070e-03 2.626830755832500142e+00
9.909999999999999105e-04 2.711261192726670100e+00
4.200000000000000174e-04 3.159909139493750185e+00
9.999999999999999547e-07 3.495623166204170129e+00
2.265999999999999785e-03 2.797186331386670055e+00
4.776999999999999996e-03 3.630449961232499856e+00
7.770000000000000214e-04 2.878675966484169901e+00
9.169999999999999549e-04 3.323327811357500217e+00
4.694000000000000256e-03 2.689221729744169842e+00
