-7.180999999999999883e-03 3.369942381656250152e+00
2.033000000000000085e-03 3.180525641176669804e+00
-1.359999999999999989e-04 3.226828308546669799e+00
-4.261000000000000031e-03 3.317288635005830155e+00
6.359999999999999551e-04 2.986110307575000178e+00
4.592999999999999861e-03 3.438713704627499812e+00
-6.432000000000000217e-03 3.432888597416670073e+00
4.349999999999999700e-03 3.215854378122500190e+00
-4.290000000000000193e-04 2.704317027463329914e+00
-6.058000000000000017e-03 3.351437285694169876e+00
4.381999999999999611e-03 3.272719868867500104e+00
8.501999999999999141e-03 3.279846372050000181e+00
