-7.180999999999999883e-03 3.359820182835830060e+00
2.033000000000000085e-03 3.211797719045000221e+00
-1.359999999999999989e-04 3.091088901733329841e+00
-4.261000000000000031e-03 3.172400114400829807e+00
6.359999999999999551e-04 2.796095389295830014e+00
4.592999999999999861e-03 3.289891614195000091e+00
-6.432000000000000217e-03 3.429412112646669897e+00
4.349999999999999700e-03 3.407147144224579982e+00
-4.290000000000000193e-04 2.887873083694170173e+00
-6.058000000000000017e-03 3.351437285694169876e+00
4.381999999999999611e-03 3.097496116329169880e+00
8.501999999999999141e-03 3.306229923094170076e+00
