-5.819000000000000387e-03 2.912275816651670013e+00
2.641999999999999817e-03 2.885840342499169875e+00
-1.342000000000000094e-03 2.775401040593330038e+00
-6.159000000000000412e-03 2.885840342499169875e+00
4.011999999999999941e-03 3.016202241574169829e+00
4.797000000000000049e-03 2.480167664599170152e+00
-3.155999999999999951e-03 2.673386568951670039e+00
1.059999999999999961e-03 2.885840342499169875e+00
6.668999999999999581e-03 2.768565300648750060e+00
-8.097000000000000031e-03 3.188253416951670083e+00
3.197000000000000189e-03 2.475586401600000208e+00
2.197000000000000168e-03 2.887873083694170173e+00
