-7.797000000000000111e-03 3.015176532494169948e+00
3.086999999999999900e-03 2.311288980515000091e+00
4.343999999999999771e-03 3.670384358495829780e+00
-7.322999999999999649e-03 3.511233145875829909e+00
2.909000000000000127e-03 3.097709143024999889e+00
1.822000000000000052e-03 3.159909139493750185e+00
1.180999999999999975e-03 3.210439496352500033e+00
-1.930000000000000075e-03 3.531499054073329980e+00
-5.730000000000000501e-04 3.110932790737499953e+00
-1.489999999999999897e-04 4.009164337077920415e+00
6.359000000000000069e-03 3.721864029499169835e+00
-1.930999999999999991e-03 2.689221729744169842e+00
