1.570999999999999914e-03 2.892300137293330131e+00
-2.817000000000000060e-03 2.311288980515000091e+00
-4.539999999999999765e-03 2.589181852388330096e+00
-6.350000000000000392e-04 2.423017778335830208e+00
4.858000000000000339e-03 2.318019638991669851e+00
9.290000000000000297e-04 2.480167664599170152e+00
1.100000000000000066e-03 2.835878956535830220e+00
-2.837999999999999811e-03 2.626259204186669916e+00
-1.433999999999999945e-03 2.974168984337500099e+00
4.739000000000000157e-03 2.972576940943330026e+00
4.299999999999999894e-04 2.232839864690829845e+00
-1.361999999999999929e-03 2.942225368186670131e+00
