1.570999999999999914e-03 3.015176532494169948e+00
-2.817000000000000060e-03 2.311288980515000091e+00
-4.539999999999999765e-03 3.036585112575830081e+00
-6.350000000000000392e-04 2.626830755832500142e+00
4.858000000000000339e-03 2.496194736433329897e+00
9.290000000000000297e-04 2.317647794300830011e+00
1.100000000000000066e-03 2.885840342499169875e+00
-2.837999999999999811e-03 2.934541733082919990e+00
-1.433999999999999945e-03 3.482246535817500099e+00
4.739000000000000157e-03 3.477675110559169891e+00
4.299999999999999894e-04 3.064782091047499879e+00
-1.361999999999999929e-03 3.880491689511670117e+00
