1.570999999999999914e-03 3.169671990200829903e+00
-2.817000000000000060e-03 3.288397554711670168e+00
-4.539999999999999765e-03 3.310803478648329801e+00
-6.350000000000000392e-04 2.952689113646670194e+00
4.858000000000000339e-03 2.711261192726670100e+00
9.290000000000000297e-04 2.920692407705829829e+00
1.100000000000000066e-03 2.463280187130830079e+00
-2.837999999999999811e-03 2.934541733082919990e+00
-1.433999999999999945e-03 2.631649450670829893e+00
4.739000000000000157e-03 2.878675966484169901e+00
4.299999999999999894e-04 3.064782091047499879e+00
-1.361999999999999929e-03 2.887873083694170173e+00
