1.570999999999999914e-03 3.585468473592499983e+00
-2.817000000000000060e-03 3.288397554711670168e+00
-4.539999999999999765e-03 3.422678836278330028e+00
-6.350000000000000392e-04 2.808643797939999853e+00
4.858000000000000339e-03 3.506392218752500067e+00
9.290000000000000297e-04 3.346187224156670137e+00
1.100000000000000066e-03 2.673386568951670039e+00
-2.837999999999999811e-03 3.649124527290830144e+00
-1.433999999999999945e-03 3.110932790737499953e+00
4.739000000000000157e-03 3.291367351920829964e+00
4.299999999999999894e-04 2.885840342499169875e+00
-1.361999999999999929e-03 3.795196248818749840e+00
