3.787000000000000002e-03 2.452747889534999892e+00
5.516000000000000070e-03 2.765161098790000160e+00
2.272999999999999847e-03 2.883400558382500201e+00
-1.151100000000000040e-02 2.696385052234170132e+00
1.178999999999999927e-03 2.848232117060829793e+00
3.557999999999999965e-03 3.272719868867500104e+00
-7.820000000000000562e-03 3.133085635572499861e+00
3.932999999999999864e-03 2.512724427256670001e+00
3.988000000000000225e-03 2.768565300648750060e+00
-6.361999999999999600e-03 3.188253416951670083e+00
1.644000000000000062e-03 3.323327811357500217e+00
-1.849999999999999973e-04 3.288397554711670168e+00
