-7.934000000000000080e-03 3.169671990200829903e+00
7.629999999999999630e-03 3.554459934575830093e+00
3.020000000000000115e-03 2.232839864690829845e+00
-3.286999999999999991e-03 2.808643797939999853e+00
-3.853000000000000088e-03 2.496194736433329897e+00
1.670000000000000043e-03 2.920692407705829829e+00
7.429999999999999539e-04 3.495623166204170129e+00
-7.455999999999999954e-03 2.429781636614170015e+00
8.160999999999999852e-03 3.312606816262499976e+00
7.309999999999999875e-04 2.878675966484169901e+00
3.069000000000000113e-03 2.678153099920829838e+00
-2.494000000000000123e-03 2.689221729744169842e+00
