-1.049999999999999935e-03 2.613348037748330022e+00
7.444000000000000096e-03 2.572588807304999836e+00
2.011999999999999900e-03 2.734236926803330192e+00
-4.831000000000000225e-03 2.469906215139999972e+00
5.846999999999999767e-03 2.654863841308329864e+00
4.910000000000000085e-04 2.572588807304999836e+00
5.450000000000000200e-04 2.495908300952499825e+00
-4.230000000000000253e-03 2.591645533234999910e+00
-2.252999999999999794e-03 2.725349361449170171e+00
-1.912000000000000071e-03 2.516765632947500109e+00
-2.256999999999999892e-03 2.438190270560829820e+00
1.939999999999999993e-04 2.312401127123330014e+00
