-1.049999999999999935e-03 2.805458122582499936e+00
7.444000000000000096e-03 2.384975259560000005e+00
2.011999999999999900e-03 2.826254405033330031e+00
-4.831000000000000225e-03 2.653489364157500141e+00
5.846999999999999767e-03 2.869969958660000042e+00
4.910000000000000085e-04 2.761840708034999814e+00
5.450000000000000200e-04 2.557157699240829807e+00
-4.230000000000000253e-03 2.739736199334999789e+00
-2.252999999999999794e-03 2.965646140395830077e+00
-1.912000000000000071e-03 2.784240396461670208e+00
-2.256999999999999892e-03 2.640019347234169977e+00
1.939999999999999993e-04 2.991655170725830093e+00
