-1.049999999999999935e-03 3.585468473592499983e+00
7.444000000000000096e-03 3.100652486853329837e+00
2.011999999999999900e-03 3.036585112575830081e+00
-4.831000000000000225e-03 3.511233145875829909e+00
5.846999999999999767e-03 3.097709143024999889e+00
4.910000000000000085e-04 2.649287264275829834e+00
5.450000000000000200e-04 3.067902501211670074e+00
-4.230000000000000253e-03 3.333589427757500001e+00
-2.252999999999999794e-03 3.776588480504170064e+00
-1.912000000000000071e-03 4.792764476889169956e+00
-2.256999999999999892e-03 3.064782091047499879e+00
1.939999999999999993e-04 3.333589427757500001e+00
