-1.049999999999999935e-03 2.390826237524999787e+00
7.444000000000000096e-03 2.534946520686669924e+00
2.011999999999999900e-03 2.266202508706669949e+00
-4.831000000000000225e-03 2.311832502993329985e+00
5.846999999999999767e-03 2.325922032532500072e+00
4.910000000000000085e-04 2.600722406201669834e+00
5.450000000000000200e-04 2.629654001907499872e+00
-4.230000000000000253e-03 2.474262205700000106e+00
-2.252999999999999794e-03 2.493664636954170177e+00
-1.912000000000000071e-03 2.411087855819999959e+00
-2.256999999999999892e-03 2.436228550775000112e+00
1.939999999999999993e-04 2.428809347847499911e+00
