-1.049999999999999935e-03 2.619978253826670045e+00
7.444000000000000096e-03 2.449220647493330016e+00
2.011999999999999900e-03 2.558044580041670013e+00
-4.831000000000000225e-03 2.668845339054170207e+00
5.846999999999999767e-03 2.783312714318329828e+00
4.910000000000000085e-04 2.528375025735829951e+00
5.450000000000000200e-04 2.423662764087500143e+00
-4.230000000000000253e-03 2.576982106888749957e+00
-2.252999999999999794e-03 2.695164308907500139e+00
-1.912000000000000071e-03 2.766863183751670174e+00
-2.256999999999999892e-03 2.526229651530000009e+00
1.939999999999999993e-04 2.641414304518329814e+00
