-1.830000000000000029e-04 3.455872847469169784e+00
5.950000000000000427e-03 3.100652486853329837e+00
-3.199000000000000021e-03 3.310803478648329801e+00
1.240000000000000000e-03 3.110932790737499953e+00
-4.342000000000000373e-03 2.711261192726670100e+00
1.100000000000000039e-04 3.159909139493750185e+00
-2.467000000000000009e-03 2.673386568951670039e+00
-3.235000000000000028e-03 3.333589427757500001e+00
5.675000000000000357e-03 3.312606816262499976e+00
-3.693999999999999801e-03 2.607826392740829835e+00
1.482999999999999943e-03 3.064782091047499879e+00
2.663000000000000003e-03 3.210370848814580125e+00
